id,player_id,adp,pos_rank,full_name,position,team,date
9e801ec6-ed8e-49b1-8b66-90553d7dd7e2,cb7b1dc6-91ce-47b8-813c-07486371a922,1.2,RB1,Christian McCaffrey,RB,SF,2024-05-20
098d87b9-1fc9-4466-a7dd-7f35f697f506,4de8084d-aa1a-43c7-9676-0def5b39e980,2.1,WR1,CeeDee Lamb,WR,DAL,2024-05-20
a36d312f-0f65-4e3a-98ef-823608309b21,84cf37a2-d9f9-4315-a56a-c003a186023d,3.2,WR2,Tyreek Hill,WR,MIA,2024-05-20
5a9b6074-7296-4571-94f8-6b9e803ba039,19818cc6-e21b-4258-9315-93cb64fb92e7,4.1,WR3,Ja'Marr Chase,WR,CIN,2024-05-20
8209c653-34c2-4bc5-8434-d5a6d2c8b27b,d61fb310-35c9-4f90-a99c-fb4605a870f4,5.4,WR4,Justin Jefferson,WR,MIN,2024-05-20
7b36b9f5-93c3-4fb7-8703-f89aa740c452,b4d7a866-815f-40c1-8f76-7608b4ab1c01,6.1,WR5,Amon-Ra St. Brown,WR,DET,2024-05-20
7f4475be-2cd2-4e94-9272-9d6e1c6a6262,2b0cbe83-48a2-41b0-b03f-42180cfc4b77,7.0,RB2,Bijan Robinson,RB,ATL,2024-05-20
3f671138-3ef9-437b-af4b-f865c1423161,f35e2ebd-3564-4083-b64a-0d59bedf1d9c,7.7,RB3,Breece Hall,RB,NYJ,2024-05-20
fb1781a7-ebfc-47c4-a925-18ad114c9834,e442b551-f8b9-42d2-bf92-677aee7e9a79,9.3,WR6,Puka Nacua,WR,LAR,2024-05-20
2bad3d34-9960-4d9a-8fa7-6abc8d2ba1f7,dd48e78f-5a11-4056-b21e-94789a31ee6e,10.2,WR7,A.J. Brown,WR,PHI,2024-05-20
c76953d5-dc07-49f6-85e2-731b919c09a0,63729550-4edb-4bb9-8a4f-2fa66c107b31,11.2,WR8,Garrett Wilson,WR,NYJ,2024-05-20
f098bc7a-7b26-4b95-8a2a-5603e0c79eab,ae8f738f-a91d-4ee1-b13c-d0228fdb5016,12.0,RB4,Jahmyr Gibbs,RB,DET,2024-05-20
56c751bc-45b5-4984-b916-8a9b1cbc056e,fc7cba00-d4a8-4ad1-83af-a6932d777354,14.9,WR10,Drake London,WR,ATL,2024-05-20
5b733acd-4a48-40f0-9662-51e4540b0351,aa48a0ad-1d71-4d09-a86a-1e6e1987d911,15.7,RB5,Saquon Barkley,RB,NYG,2024-05-20
b4792419-5e76-45de-864a-741ac6df7651,8b9ad544-0e96-4b38-9b59-c293e3aadf39,15.9,RB6,Jonathan Taylor,RB,IND,2024-05-20
c3032705-9198-4d1b-ba45-3d5eb7983645,6e7a3b66-27e6-4eb1-87c4-731522d32ef6,17.5,WR11,Brandon Aiyuk,WR,SF,2024-05-20
333093b5-7ef3-49ae-a736-93217e79f666,463ed573-6658-435f-82a4-170352fb6887,18.1,WR12,Chris Olave,WR,NO,2024-05-20
6591b1cf-50ee-4c6d-964c-2b26ad46bfde,56c3ad41-32a6-413e-8cf0-50912b952f92,19.1,WR13,Davante Adams,WR,LV,2024-05-20
2ea6b394-3237-4644-8b49-69cf67b6e8a9,df0c7db6-0a74-4343-a31e-0b64e2d6b0ea,21.2,RB7,Kyren Williams,RB,LAR,2024-05-20
bc1959be-6b30-4eca-be97-0f2e5b97eb9a,87a920c7-894f-465b-b39c-fe9d3cb6a9a2,21.5,WR14,Deebo Samuel,WR,SF,2024-05-20
0ca934b7-a6df-4df8-9f7b-f34f1f51d396,4817d915-eef0-4ff3-8a53-3652bd6ea36a,22.5,WR15,Nico Collins,WR,HOU,2024-05-20
8da0dbe1-4d06-45f3-830a-2112443c2466,ebed0797-4404-4df7-bb66-1192d89e13d5,24.0,WR16,Mike Evans,WR,TB,2024-05-20
47a7e2a4-2f23-4670-ac09-1c20b7e4bb39,33072d1d-45b2-4b52-89ac-67e56923a3cd,24.0,RB8,Devon Achane,RB,MIA,2024-05-20
aeec05d9-8fa4-4b9a-a85d-4611dbb12d5f,25ea41e7-0529-48c6-ba65-7648bb7f9ed2,26.3,WR17,Stefon Diggs,WR,BUF,2024-05-20
f68af97f-836c-472d-8ad2-8b87a19ec178,6d1e2e6b-00ea-4889-9db1-f6ff25eeb3f1,27.0,WR18,DJ Moore,WR,CHI,2024-05-20
0eca149b-3acb-4540-90b9-e573a3983e73,b3574a5a-ee99-43d3-9056-0f9807dab4b2,27.2,WR19,Jaylen Waddle,WR,MIA,2024-05-20
686108bb-239b-4273-a28a-69b9571cc03d,df2846af-31b4-4939-b773-8b58def0fc58,28.0,TE1,Sam LaPorta,TE,DET,2024-05-20
0c4fb388-7ebc-4e40-947f-90ba2e7f60a3,6d848109-6d69-4474-9ab3-76c7f64bafa0,30.3,WR21,Michael Pittman,WR,IND,2024-05-20
2e8f2806-a076-496d-b610-30c5a9db0098,e9fdd9a9-7652-4f39-b790-071e2839f862,30.9,RB9,Derrick Henry,RB,TEN,2024-05-20
c0c23fc3-862e-481f-824b-04ee87c01392,9e8bc8ee-72ed-4792-acca-d2b744a0b5ba,32.1,WR22,DeVonta Smith,WR,PHI,2024-05-20
2704e8d7-a534-4bef-9e3d-6d12ff738205,9fce5a42-43cc-4cf2-8732-b37153519ea6,33.0,WR23,DK Metcalf,WR,SEA,2024-05-20
66b13037-5e4c-4b36-a7e7-398cbace2e58,99398db6-2ffb-42e9-bdb0-4312a399ab08,33.8,QB1,Josh Allen,QB,BUF,2024-05-20
07d3867e-0154-4152-a798-18d6c7accd42,c5719ef0-3dcc-4740-84af-ef600d160bd9,34.7,WR24,Cooper Kupp,WR,LAR,2024-05-20
5e0c0398-4cff-4185-9805-3d5b56cb929b,3bbedd10-bec5-49ae-976b-659119ab156c,36.7,QB2,Jalen Hurts,QB,PHI,2024-05-20
18a2678b-805b-4ec2-8489-0e677735311b,9ba8d5db-3aa3-4600-98f0-406a1e67bb22,37.4,TE2,Travis Kelce,TE,KC,2024-05-20
993baded-bd48-4787-b0ad-ac2996be73a4,3dc1b1fc-0c07-4f33-ad1b-a0d2fb83edf3,38.1,RB10,Josh Jacobs,RB,LV,2024-05-20
a9ad9af2-611c-4c9b-9e07-687f619a55ce,a6d5129f-7469-4d59-b74e-3f8b59b977b8,39.0,RB11,Travis Etienne,RB,JAX,2024-05-20
0f1d4122-0410-4a08-8ec5-564ad56b8d8c,15250a4e-0ec5-44dd-988d-3b556cbc40e9,39.6,WR25,Zay Flowers,WR,BAL,2024-05-20
d27b174c-ed7e-4138-a2c7-ab3fcd3575b3,67d130d9-b76e-4457-b503-f0d139d9c83d,42.1,WR26,Tee Higgins,WR,CIN,2024-05-20
2df22d1e-e053-42dd-9c5e-480d1196ff25,65a3b00f-0be9-4652-b7ce-d1d29816945d,42.5,WR27,Nathaniel Dell,WR,HOU,2024-05-20
f258ff18-d5fd-4dce-af9a-958900eecf52,9edce99f-fad8-4de1-9e20-435b3d12c310,42.7,QB3,Lamar Jackson,QB,BAL,2024-05-20
eb7bc4df-1285-4d03-94d4-bf9ab58eea87,a4388eb5-9783-46f2-b262-43fbe0201ea3,43.8,TE3,Trey McBride,TE,ARI,2024-05-20
0c410b1a-19f9-415f-ae96-11dc81d258dc,54411227-af25-42c9-9ac5-f740fa220777,45.8,WR28,George Pickens,WR,PIT,2024-05-20
1028d0c1-94d4-463f-9a3d-3c0bebb060db,f1766f00-503b-4b13-a5d1-cd4347423121,46.4,QB4,Patrick Mahomes,QB,KC,2024-05-20
951c3ab5-1b70-43de-a537-16376027a240,131ac51c-0a71-4843-980c-1772cc069a3c,46.8,RB12,Isiah Pacheco,RB,KC,2024-05-20
2426f790-2c33-4a1d-9074-0a2975affc5d,01ed7bc6-254e-4cc1-92f4-f2ba86746625,48.2,WR29,Amari Cooper,WR,CLE,2024-05-20
5fd1a37f-4c31-4cc1-82b5-ce980d353aaa,38a6f520-27a2-47ae-874d-9a987a118244,49.4,TE4,Dalton Kincaid,TE,BUF,2024-05-20
d1f113bc-e984-499b-a386-2c38ef7a25d0,59614625-f243-4cb9-8038-146619f12e70,50.8,QB5,C.J. Stroud,QB,HOU,2024-05-20
b73379fb-c0bf-4624-bb87-5b9daf7ae1ed,65f31977-db08-47a5-818f-ae5c9365bcfa,51.5,TE5,Mark Andrews,TE,BAL,2024-05-20
079b90e6-3ce0-4952-88a6-8e2a3003d6fe,d74acd73-504a-4c9b-8aa6-fe602de560a8,52.8,WR30,Keenan Allen,WR,LAC,2024-05-20
3641f3d1-3ff6-4d44-91db-47834e41227b,17f8f4db-0b38-48ff-b9e3-a42af0fc3aa2,53.2,WR31,Christian Kirk,WR,JAX,2024-05-20
d7025fba-a9fc-4295-8a27-b194556a90f9,7b434d3b-e0f9-40f1-bedd-51f973c59c5f,53.3,RB13,James Cook,RB,BUF,2024-05-20
140a874a-e16b-4b51-9640-01797a14e4a1,9d84935b-84bc-465d-9e87-ae8f7af53963,54.8,RB14,Rachaad White,RB,TB,2024-05-20
84b4c137-2193-4e4b-b3de-a74f2eed2ad3,ab4b11fa-c34d-4317-b4b7-bf16fcc678e3,56.0,WR32,Terry McLaurin,WR,WAS,2024-05-20
e5c2cbd7-65b7-41a9-b81d-a6e1313571fd,22b7ee23-cb3a-4d47-af90-a369c693e934,56.3,QB6,Anthony Richardson,QB,IND,2024-05-20
012a73f3-7fe2-427d-89d5-2ddc0fb366e6,19f3df7d-99f9-4555-8e03-a4afd3fa8c49,57.6,RB15,Joe Mixon,RB,CIN,2024-05-20
501824d3-4a54-4af2-b44a-d3ecd1963f1d,6dd797af-0abf-4bb5-82ca-9447147d3e61,58.3,WR33,Jayden Reed,WR,GB,2024-05-20
4ffdccda-f8a4-4ec4-90a6-0ddf19626a93,2e423f4b-b5a8-4564-bd49-8e4295a94364,60.9,TE6,Kyle Pitts,TE,ATL,2024-05-20
905c091a-69b0-4c46-9f4a-0887d6485aaf,824a3936-fc27-4f96-8c56-7adc402a5509,61.8,WR35,Marquise Brown,WR,ARI,2024-05-20
03fcdf1b-3181-4dc9-9891-5f8db430037f,4ccbad89-b2df-4502-9944-eedc4ec9060a,62.6,RB16,Kenneth Walker,RB,SEA,2024-05-20
cc6cf04a-9ebb-4f4d-9d39-cc637b2da612,76bcf23d-03fe-4a55-891a-7bdef70922bc,64.8,WR36,Calvin Ridley,WR,JAX,2024-05-20
0d22526b-00d4-4f61-9c71-7540cd373543,8827456d-da1d-4708-92c9-135d3d426795,66.9,TE7,George Kittle,TE,SF,2024-05-20
144f1a02-d422-4d10-ba5e-349a5daae34b,567edce8-cab2-43fc-b082-ed4a653f760d,66.9,WR37,Rome Odunze,WR,,2024-05-20
8efa33b9-1203-4a58-82f7-2b1104491e97,cc542526-a1a8-4945-9780-3b7228a62322,67.0,RB17,Alvin Kamara,RB,NO,2024-05-20
010a891d-2b17-4cbc-b8fe-7b3aa74f9e6f,32029f87-893b-4c4b-b664-80ab8fcea2fd,68.9,WR38,Jordan Addison,WR,MIN,2024-05-20
c7a3f5f1-7736-4c0d-9fed-b00b9e39c46b,daefbcd5-dfac-49ac-83d7-2a9e6ec03545,72.0,RB18,Aaron Jones,RB,GB,2024-05-20
19f1f476-acd6-4dbd-ac1c-7c4a920bf479,87d1b639-a279-401e-95b0-098ea9d9db28,72.6,WR41,Chris Godwin,WR,TB,2024-05-20
13b9e9b0-7b2f-4a53-9772-7a2b029a0cec,a0fa2a74-640b-4cc1-a5d8-841ab9557fe0,73.8,QB7,Joe Burrow,QB,CIN,2024-05-20
1bbd25be-df0b-43c5-a027-2ff0bc886805,7366cd9d-f434-4a89-b28c-f121c69f8666,73.8,RB19,David Montgomery,RB,DET,2024-05-20
5482dd3a-89c6-44de-9819-2b27e7af1097,aff41efa-823a-4bf3-b4bc-4d197adf9e50,76.1,TE8,Evan Engram,TE,JAX,2024-05-20
1775916e-71ef-4b95-beb7-cc387b7d0a26,3b5c2580-e73e-4222-8b98-b6dc14690e73,77.7,RB20,Rhamondre Stevenson,RB,NE,2024-05-20
bf247202-99b8-442a-9164-7e7b88e3c39c,ede3a669-4285-4d9f-b606-c2fe3979e90b,78.3,QB8,Kyler Murray,QB,ARI,2024-05-20
71aa400e-7eab-465e-bf0a-1c1f7f407306,c2f61e40-f9fa-4050-b955-9b236bcceeed,80.3,WR43,Jaxon Smith-Njigba,WR,SEA,2024-05-20
1eaa53eb-1685-436a-92f1-5108e9060916,f1ed70fe-3773-4400-b9ee-5b668ff679ea,80.8,RB21,Zamir White,RB,LV,2024-05-20
b7b1f316-40a7-4784-a8d1-f972b0dd394f,1b821175-4851-4629-8fc5-b8036ad14a61,81.3,WR44,Diontae Johnson,WR,PIT,2024-05-20
d0ab599c-2441-43c7-8e44-355ddcd40fb4,226c2222-6b57-4b94-ad9f-0e359751f4c1,82.2,WR45,DeAndre Hopkins,WR,ARI,2024-05-20
59e3addb-e2f7-4d24-8852-eaa61c397dd7,81ab025b-6000-4620-b4a8-db6c18b98a7c,82.6,RB22,D'Andre Swift,RB,PHI,2024-05-20
c404a688-5ff2-4ede-a1bd-1e52bd000052,c108c752-92fd-491f-94ed-60b0b3cea7d8,85.0,WR46,Christian Watson,WR,GB,2024-05-20
d763e0dc-b773-483d-be2a-a49c5ee0046d,87b71b64-5182-4dbf-a04d-10b3a68ec2a6,85.1,WR47,Rashee Rice,WR,KC,2024-05-20
21b4aa19-67f2-4f75-9580-e7de8402ec95,43faacd4-c803-448e-a435-acb80a41e65c,85.1,TE9,Jake Ferguson,TE,DAL,2024-05-20
fa6d275b-9843-4a2a-a13f-17b2a6421118,047d564e-8993-4473-b72c-ab8ecbb1fdbd,86.6,RB23,Najee Harris,RB,PIT,2024-05-20
820e0944-20ba-491d-94a0-9c367bb95d2a,59c5f1e3-fccf-4782-b593-98c518e75e3e,87.7,QB9,Dak Prescott,QB,DAL,2024-05-20
9edea840-1092-4867-b6ce-7cf21b5a10b0,67f1cafb-112d-4f4b-b491-b51b4ecd162a,89.4,QB10,Jordan Love,QB,GB,2024-05-20
f92ed8de-d86d-4837-9230-7ed84bdaf0f3,290ec831-46e1-4b99-815e-e40a35db0e5a,91.5,RB25,Jaylen Warren,RB,PIT,2024-05-20
3e152432-f6e7-42b7-b71e-fd969103ef58,606aebf2-f9f9-404b-b6b9-fc6d5dc62de5,92.8,RB26,Zack Moss,RB,IND,2024-05-20
46af6d96-b1c6-420e-8267-e45b7ee6bed2,121cdd7c-b594-425c-864a-365b5e653747,93.0,RB27,Tony Pollard,RB,DAL,2024-05-20
94b09be0-23a5-46fd-9484-7aa994983d13,5156f6c4-c6f4-436b-8e99-c9a74919f4d0,93.6,RB28,James Conner,RB,ARI,2024-05-20
05770873-38ff-4f2c-9fe6-93b30344c8ff,991d546e-1d68-4cc6-977e-62286356f087,95.0,WR48,Jameson Williams,WR,DET,2024-05-20
313f9102-552e-42bb-9de8-8cdd09f9f400,c25debc8-79b9-44d5-8ac4-4edca7d7b779,95.6,RB29,Raheem Mostert,RB,MIA,2024-05-20
3346891b-8250-442e-be54-4ffc467140f0,40fd7bdd-746a-4a5d-a68c-12981e24b28e,98.2,TE10,David Njoku,TE,CLE,2024-05-20
5938ed56-9d15-4ddb-bbb6-4f2df360082d,62b33363-6b96-472e-ac58-a37611b925fd,100.6,WR49,Curtis Samuel,WR,WAS,2024-05-20
63578ada-4ed4-4316-9f8a-e9aabc341a12,b51ef827-ba15-4a30-87f5-1a74d1bd84bf,101.2,WR50,Courtland Sutton,WR,DEN,2024-05-20
34410741-ef23-47e5-b6b4-ec1786d934fa,3cf29d08-26b6-410a-bd8c-f229a5bae324,103.5,QB12,Brock Purdy,QB,SF,2024-05-20
4cdb965b-ad70-4a6d-9ab5-2d106a11b98f,b3fc6404-a8a0-4475-8276-209e50b74069,104.9,RB31,Javonte Williams,RB,DEN,2024-05-20
ff2e5025-2e5a-42f1-b618-d49879ee4137,d182f0d3-7e53-445e-b61b-c7d4bd8fcb08,105.8,WR51,Mike Williams,WR,LAC,2024-05-20
d29d0594-1f4b-4108-8592-046e49e5257f,7da829d5-a014-412b-9db5-5c865cfe8534,106.0,WR52,Tyler Lockett,WR,SEA,2024-05-20
c4ee1373-10f2-47bb-a333-0bbc1047fee3,6328d647-7cbf-4947-8a78-b7a62284baa3,109.0,RB32,Nick Chubb,RB,CLE,2024-05-20
7e7c2085-c78c-4d08-b286-0fe4e199a8b0,7e6000de-0a9b-4d12-862b-5194ce6d526c,111.4,RB33,Austin Ekeler,RB,LAC,2024-05-20
afbfb86b-62fa-4d76-850e-106a8bef1227,a9cb4689-5707-40ca-9200-c8c4238c8636,112.0,RB34,Devin Singletary,RB,HOU,2024-05-20
8f945f72-643c-468a-92f0-5ce4eea02376,63374c3e-26cc-4d22-a77a-e29b8f5b2f4a,112.0,RB34,Brian Robinson,RB,WAS,2024-05-20
eab97f05-41eb-44dd-bcd6-b1164453d78f,8787ffdd-7fc0-4f90-9f40-c1ab2e7692fe,112.1,WR53,Romeo Doubs,WR,GB,2024-05-20
b95bd706-6b49-482b-9767-182b062dd5b1,0c0803d6-711a-4685-9ac9-bf339950760c,113.1,TE12,Dallas Goedert,TE,PHI,2024-05-20
14655452-ddcb-4917-b5d6-16cba10df015,228a3bf6-f9f3-412c-afe0-5768c4d03c49,113.5,WR54,Khalil Shakir,WR,BUF,2024-05-20
b24c197a-b8e2-4ddf-8d0e-b97e30059d08,d3bfa7f1-2be2-4bbb-8d13-c1a8010eeb9a,115.5,QB14,Tua Tagovailoa,QB,MIA,2024-05-20
2642260c-f775-4263-977c-4584914f0418,3745014e-c77f-4330-ae2f-323525f72720,117.3,RB36,Gus Edwards,RB,BAL,2024-05-20
cd014c4d-e787-4f56-b0c4-c18b0f98dfd0,66c1ab28-bbf4-4854-80ff-c4caf765fda8,118.1,QB15,Trevor Lawrence,QB,JAX,2024-05-20
e589613d-c3de-4dd1-9cfd-2e28677b4341,46128737-06bc-495b-8126-938ec626bec7,118.3,WR56,Rashid Shaheed,WR,NO,2024-05-20
1c0b3cb2-0f1f-4404-af12-058599ce167f,f725a2b2-1843-4ab5-aa2a-bf1380a923e6,120.3,QB16,Jared Goff,QB,DET,2024-05-20
83050f3b-3f33-4e5b-ad16-b0a82eefdcbb,660a9e72-4fc7-442d-ba62-257dbab39568,120.8,TE13,T.J. Hockenson,TE,MIN,2024-05-20
3e8980e6-5db5-4abf-bf09-961510c13cca,e8312b02-cf05-4abd-808d-33a115a6b29c,121.0,RB37,Chase Brown,RB,CIN,2024-05-20
155d3ea9-be02-439b-893f-61cfb7e42e14,e5aeabde-d364-4374-a15d-10016ac5740d,122.3,RB38,Tyjae Spears,RB,TEN,2024-05-20
bd442576-a4ed-474b-9dbd-941891275718,d69c19b0-4c6f-448a-9690-27f4a4ed54f9,122.4,WR57,Jakobi Meyers,WR,LV,2024-05-20
5b58b8bc-4e70-4c59-9b39-5d06ff9cc138,146258da-2441-4e3b-a1fe-6ef9c566806e,124.8,WR58,Joshua Palmer,WR,LAC,2024-05-20
d79e99d3-9a96-438e-a237-b5a1f6309909,e861f743-837a-47dd-a2a9-de23d4e7e363,125.1,TE14,Dalton Schultz,TE,HOU,2024-05-20
639efdda-8c57-4da3-83d2-30f2471bfc02,d78f8b26-1823-4f49-be34-b9eadd252c3c,126.7,QB17,Justin Herbert,QB,LAC,2024-05-20
3a7f32f4-cdb6-4be0-a1b5-6c216802dc4c,b6fc1eff-ec88-4523-9656-d9fd6b53a7ff,127.8,RB39,Ezekiel Elliott,RB,,2024-05-20
6cf1940d-9a54-4eb3-ba14-49e9b822d88d,6081005f-45de-474b-87a3-2b74cd21f9b9,128.5,WR59,Jerry Jeudy,WR,DEN,2024-05-20
dd65067d-22f1-4262-9511-1722ec842441,2fd9b7b5-27b3-4f69-8abe-60a8144c6909,131.4,WR60,Brandin Cooks,WR,DAL,2024-05-20
63fee59f-b98f-4a3b-b166-6f5dd8382977,5b561cfb-843a-442a-8cb8-1953c3f7aaef,131.5,WR61,Jahan Dotson,WR,WAS,2024-05-20
9d484486-6555-41e2-9e4b-b9b4b4a73852,a5add42f-3abc-4986-83cc-4b021952199c,133.3,WR62,Gabe Davis,WR,BUF,2024-05-20
28d325d3-3f66-4334-8c97-7e886cbb0218,db99b2e0-ad8a-48a4-96cb-a7d5f4f57661,135.2,QB18,Kirk Cousins,QB,MIN,2024-05-20
317274c8-462d-4f3f-99c0-6fe632f9c100,099bec12-b139-461d-864a-fb167ed7302b,136.0,RB41,Zach Charbonnet,RB,SEA,2024-05-20
49edc4f4-dc78-467d-8ddb-a5585fcb54e9,f5106453-fc94-4ffb-b843-cb5b15cdb4dd,136.3,RB42,Jerome Ford,RB,CLE,2024-05-20
1a11d2ae-c4b1-400c-bf2e-d4dca13800e6,7202445c-cbea-4c42-a6c0-a5f498e2ff06,137.1,TE15,Cole Kmet,TE,CHI,2024-05-20
eb04ead7-a136-4dfd-9bc0-36062253808f,1edbae01-fd1f-408a-8b46-7365d293ee71,137.6,WR63,Josh Downs,WR,IND,2024-05-20
a7ee8a74-bffd-4cc1-8afe-c348540218cb,7401f3d7-db5f-493d-8bcb-1624b703fa9c,138.4,WR65,Dontayvion Wicks,WR,GB,2024-05-20
1f9caa40-8697-45ed-838a-c5016d5d2b50,92f5879c-865a-45f6-80ad-fb96ff005a28,141.8,RB43,Rico Dowdle,RB,DAL,2024-05-20
9461990e-fcb5-461a-aef0-cd430b33a1c8,2977afd9-0a50-4190-bcb4-d26f0df7dc55,142.4,TE16,Pat Freiermuth,TE,PIT,2024-05-20
2c21c617-0373-467a-aa15-1e0e678d9630,36ffcc88-5ca1-4b0e-9f02-028b5ba24be0,143.6,QB19,Matthew Stafford,QB,LAR,2024-05-20
d1320ecb-9461-4fba-97c1-d40ae8c36cb5,7131fd51-e10c-4fc8-840c-274f82210d19,144.8,WR66,Quentin Johnston,WR,LAC,2024-05-20
4d0feb32-2c3d-4ba3-97a5-3255e2d8afd2,274d03dc-35b3-4163-b7a7-1088b19b84cf,148.5,WR68,Darnell Mooney,WR,CHI,2024-05-20
7e343d94-5993-4398-b8e1-d251ce8cddf6,8dd3a635-e761-4407-8f30-6b5f8a0b4867,149.8,QB20,Aaron Rodgers,QB,NYJ,2024-05-20
ff629d5a-a1a0-41aa-be94-384346c39dd0,8af14b29-44c9-4df5-a6b3-2ecfbfbc5fdc,149.9,RB46,Kendre Miller,RB,NO,2024-05-20
05ae34fa-4c89-4171-aec5-3a9cf44970be,71bb8c53-1536-4a76-823a-b397b2b0fd08,151.7,RB47,Ty Chandler,RB,MIN,2024-05-20
6835cc77-2259-460a-96d2-4593cac34fe4,128e2e2f-63f1-4629-a74c-1379076d1ff0,155.0,TE18,Luke Musgrave,TE,GB,2024-05-20
ee4764a1-5eaa-450f-bfb6-fda7fd37485f,4df49d8f-f0b9-4b5e-9637-351c25cb296d,155.8,WR70,Roman Wilson,WR,,2024-05-20
3d994e25-98b0-4fe4-8e43-45caa3b05889,4f5a3c90-9e4f-49b7-b126-a99d0eb90286,159.6,QB21,Baker Mayfield,QB,TB,2024-05-20
7d9fe5a5-046a-497a-9edd-cd0fe22704e7,e016929c-04f5-4b22-955d-71008f06894e,162.1,TE19,Hunter Henry,TE,NE,2024-05-20
5a586c9b-29bb-4966-822f-20cbf961d487,4520ab4c-d93f-4417-a936-b15379db288b,163.2,QB22,Deshaun Watson,QB,CLE,2024-05-20
fd40f098-b8ea-462f-9500-a356b073a8c2,c45eb3b7-6eee-4d80-82d6-4aaec07940fc,163.5,RB50,Tyler Allgeier,RB,ATL,2024-05-20
219e05a7-6e17-4f64-a2ae-2023dd01ecb3,972c1749-c532-4a50-a1de-2c74b3f88286,164.3,WR73,Adam Thielen,WR,CAR,2024-05-20
8455944d-c59f-4f25-a201-2a0785a34543,835c4d4e-8d95-4625-b5d7-1c6e3a6384cd,166.0,RB51,Antonio Gibson,RB,WAS,2024-05-20
56346159-6e3e-4ec5-ab5b-4fa6e70a4aa9,0169a966-cf5f-4e6e-8b03-1583650fd6ae,168.4,WR75,Michael Wilson,WR,ARI,2024-05-20
a3694f7f-d96e-4a5c-9965-f877c14cf007,5c1011d7-af2e-452b-9a72-693329dbcc24,169.2,RB52,J.K. Dobbins,RB,BAL,2024-05-20
2f43f271-81a2-428d-be67-22331f8cc23e,fd3dce46-3c38-4ad4-bfc1-b72fad7ef755,170.5,TE20,Cade Otton,TE,TB,2024-05-20
fc1ccabb-3073-4b34-a1c4-3310e43d369e,031e196b-ce1a-4890-93ad-2a7cefedfe5d,171.5,WR76,Marvin Mims,WR,DEN,2024-05-20
3818318a-eae9-4e5e-97b7-fc9c17aff78d,a98ff9f4-f919-47e4-9f24-40c36ca9d537,172.0,RB54,Chuba Hubbard,RB,CAR,2024-05-20
edb873b8-24e4-46c7-a82e-01efdedd9ff3,0c2fb25a-641d-4a25-ab43-3d440da57be3,173.9,QB23,Geno Smith,QB,SEA,2024-05-20
8e8ab6f3-17ee-4fd2-b267-49e1d20b6d12,2f7ab04c-3b04-4874-be0e-2a7ea0c59788,174.9,TE21,Juwan Johnson,TE,NO,2024-05-20
c1bf2279-8822-483c-a471-eca605165780,d518b022-5088-480c-b4b0-cfbe8a77f042,177.2,TE22,Tyler Conklin,TE,NYJ,2024-05-20
b934b6d1-f3f7-4e85-9093-61752570be82,7212c057-c051-453d-a287-2c16dcd6781d,180.7,WR78,Rashod Bateman,WR,BAL,2024-05-20
1dab82ca-7aea-4818-b0e0-b56aae0f686f,6d3577ae-3df6-4361-ac5f-8ef3609a2a03,181.0,QB25,Will Levis,QB,TEN,2024-05-20
96e18685-a5d7-4bce-9803-406cd96537cb,59c11870-cdb6-4c4f-be1b-92d2fcb98c32,182.3,TE23,Isaiah Likely,TE,BAL,2024-05-20
e1e19ee9-01a4-472f-8e74-626a4607e6d1,38cb1ed6-2217-4572-bf8c-d19ac47d0c84,183.1,WR79,Wan'Dale Robinson,WR,NYG,2024-05-20
7680a072-4119-42eb-9d1b-031c94180600,5750c050-2514-489d-890d-5e8484e5a078,184.0,RB57,Roschon Johnson,RB,CHI,2024-05-20
b281e42f-9b24-4361-96c1-7ef192f20315,e936e39d-5930-4dcf-9b74-dd9547e7da5f,187.2,RB58,Khalil Herbert,RB,CHI,2024-05-20
8f7f70cb-d238-4263-a283-67fa1e0d8e88,80be2bb3-d0f1-414c-bedb-9f17befcae71,188.0,TE24,Noah Fant,TE,SEA,2024-05-20
841aaf26-5dfb-426e-97f6-046979ea2f56,f7ac299c-e688-43f5-9b10-ef5d55f6b691,188.2,WR81,Zay Jones,WR,JAX,2024-05-20
36eacb60-5365-4223-9254-718ee383c69d,5a6752f4-7751-4513-92bd-01a949d07495,189.7,RB59,Keaton Mitchell,RB,BAL,2024-05-20
ba20ed45-635f-42e7-bd40-6f11de194256,03b5560b-9a42-40c5-99db-d697c5ec7fa9,190.9,WR82,Demario Douglas,WR,NE,2024-05-20
d22c8282-2db7-48ec-ac2c-825f00eac244,50d708c8-637c-4c2d-9e06-e864a660207c,193.1,TE25,Jonnu Smith,TE,ATL,2024-05-20
156f87f5-8039-4e08-b878-f03c220c2923,35d8246e-40f3-4465-a67d-f09b6d29f466,193.9,WR83,Demarcus Robinson,WR,,2024-05-20
78a87fe4-0865-48fc-b9a2-cde47573850a,bf40e425-b01f-43bf-a833-b021427efd7e,194.4,RB60,Dameon Pierce,RB,HOU,2024-05-20
7758c18a-e90d-4730-b4d9-e576e1edde66,16b23189-7d4a-48e6-96c3-cf57ccfd2e6f,196.1,QB26,Derek Carr,QB,NO,2024-05-20
f71fb47b-cb8d-436b-a9ea-3a8f7d4da6f5,05b708b9-ec27-4b6c-a485-5b2994b1a5f3,196.9,TE26,Chigoziem Okonkwo,TE,TEN,2024-05-20
8b1ee1f2-c7a2-4e99-a044-780eb97933c7,d91fab35-c660-4340-be36-6300bce92d69,199.3,QB27,Justin Fields,QB,CHI,2024-05-20
878411ca-a020-4d88-8937-615d79934cb2,dde5b955-a773-4c77-82cd-e70fc383455f,199.7,RB61,Elijah Mitchell,RB,SF,2024-05-20
d08a736a-bcaa-4efe-ac9d-8669b1d226cb,a26b9a09-612b-4ca2-8fe3-70a1c56c4131,200.1,WR84,Odell Beckham,WR,BAL,2024-05-20
988bab92-36df-41d0-90d3-86d936f37c90,827909b2-9448-4ba0-98e4-f38da30a3806,200.9,QB28,Bryce Young,QB,CAR,2024-05-20
112e0165-5616-4de6-97fe-3a99d6a48dbe,1fa16276-37d0-4017-b356-dff85b4bc053,203.7,TE27,Tucker Kraft,TE,GB,2024-05-20
a3f9a932-cb32-4d30-84c0-7e4347bb909f,ffe046b3-e3f0-4881-9bb7-5340410a06de,204.7,WR86,DJ Chark,WR,CAR,2024-05-20
b85602ca-8575-47c6-9cd5-36aaeaab7038,4085310e-7820-4ba9-a537-009d26ce6377,204.9,WR87,Tyler Boyd,WR,CIN,2024-05-20
a9621925-0793-4d79-ad41-0f568611b6b5,5f726fce-7288-44e9-b9a0-a2cc3a0ed882,206.1,QB30,Daniel Jones,QB,NYG,2024-05-20
72b37a2c-fc4e-459f-9993-cdce1843deff,da1f257c-ac6f-4146-988a-e0d417ac1cda,206.8,TE28,Mike Gesicki,TE,NE,2024-05-20
e924f874-0ed1-4a72-a3f7-e4980b9eabf4,6e9df746-d5c4-472e-af68-e2c4331a7fe6,207.7,RB63,D'Onta Foreman,RB,CHI,2024-05-20
8f16025a-ffe0-4efa-836e-b71ae20db9e9,395374cd-d5aa-4dff-ba55-e5d6921c96b9,208.0,QB31,Bo Nix,QB,,2024-05-20
1a953802-dab8-461f-983f-7695316f109f,64aa98a7-b359-4597-84f7-affa2d6dc720,209.3,WR89,Jalen Tolbert,WR,DAL,2024-05-20
99f3f9f4-99bc-4044-887e-7b671d990ba8,80db90d0-8057-446c-b2bb-e4d67f357a25,210.9,WR90,Elijah Moore,WR,CLE,2024-05-20
cf4714e3-23fb-4dcd-9daa-8ba4be108e88,bfce6c9e-0e30-4b15-91a8-29e86d072988,211.0,QB32,Russell Wilson,QB,DEN,2024-05-20
0b343303-da50-49ce-a35d-5570a5479c10,606cd7d5-8f56-4453-b45e-cf1fe96d4451,211.7,RB66,Alexander Mattison,RB,MIN,2024-05-20
1a6d0b10-43ae-4edb-a972-7e9bd6c92056,94c1ec0c-8c1a-43e2-bf5a-385eb49baa08,212.5,WR91,Rondale Moore,WR,ARI,2024-05-20
aa442ff3-158d-4084-bc7d-31672fba2a61,dd7b48ce-9fde-46eb-b03f-45e8274cf326,212.6,WR92,Jalin Hyatt,WR,NYG,2024-05-20
0500233c-15fa-4054-a18c-558c519b6ef3,93c47d61-ed85-444e-82ce-ae7e28dbea3e,212.6,TE30,Dawson Knox,TE,BUF,2024-05-20
01325253-9619-4ab1-ac44-9f3a0e9be4e9,a1ea32e0-20dd-4aa7-9c09-71bc74924a91,212.9,WR93,Darius Slayton,WR,NYG,2024-05-20
450097ed-6eb2-419a-897c-cddc4aa48a51,6e4e0254-03c3-4541-9481-356b99453e96,213.1,TE31,Greg Dulcich,TE,DEN,2024-05-20
d5eb08a8-9cfd-4355-8ef8-68520f7ddcc2,11ad3ad9-0bc5-44a1-9da5-0bebd7b3f841,213.1,RB67,Tank Bigsby,RB,JAX,2024-05-20
3a0c1c94-323a-4561-8135-4555ac4245bc,3af0387e-ef50-4742-ac55-e44e90eaf93f,213.3,WR95,A.T. Perry,WR,NO,2024-05-20
ea0214ac-dce6-4260-9703-7156dbcd0544,a843724e-65ce-429f-8ca8-0c3107a64c47,213.5,TE32,Darren Waller,TE,NYG,2024-05-20
f4d8cdaa-4ace-4c06-93eb-8d0474a850e1,cfda7604-30c4-46e2-8e15-0ad49955bdd6,213.7,RB68,Clyde Edwards-Helaire,RB,KC,2024-05-20
c11cfb02-1270-4bd9-9417-30b4de424cf7,fb644b02-dc54-472c-b99b-8216516c35bf,214.1,TE33,Jelani Woods,TE,IND,2024-05-20
4aa2fb8e-18f4-4906-9bda-eb56e162f868,6f5bdbd6-640a-4f62-b8f2-3797b340e2d6,214.1,WR97,Marquez Valdes-Scantling,WR,KC,2024-05-20
ee6fa193-b143-4593-9c35-ebb4a2625ee9,1f8b31f5-5a8b-461e-accd-d8bc9ecf5a11,214.2,RB70,Evan Hull,RB,IND,2024-05-20
a12d7960-6735-4cd5-a17b-a6fd9011f9ca,c7d94033-423f-480f-99ca-c1565a50986e,214.4,TE34,Colby Parkinson,TE,SEA,2024-05-20
5cd0ffa9-619f-4ea0-a340-2147a2dee05d,5fb5d84e-ab97-4048-8347-cb2dbf062e61,214.6,QB33,Gardner Minshew,QB,IND,2024-05-20
4fc64fed-2d9b-48b3-b191-fa68ffd14df4,06c716c4-808a-4e8a-9630-a379315ef34d,214.9,WR98,Kendrick Bourne,WR,NE,2024-05-20
cd3ad272-880e-4c6b-9231-5b36000c3690,af156259-1bbb-4d40-97f1-5dbd14fa7006,215.0,WR99,Kalif Raymond,WR,DET,2024-05-20
79b314eb-c128-42af-81d1-74d02e202c73,a6a4c9bd-0043-48c6-9237-0987eb2a8b47,215.0,WR100,Greg Dortch,WR,ARI,2024-05-20
df7ae891-91f9-4ca9-a9cd-943bf8d3d548,fe9a52e1-671b-41d1-b2ce-0a515dc65796,215.1,TE35,Michael Mayer,TE,LV,2024-05-20
d2247d86-c874-48e7-a4c7-b82e26cd5c18,03880d40-6efb-4aab-afec-8c9566f9b29e,215.3,WR101,Josh Reynolds,WR,DET,2024-05-20
e14e3303-2bf3-4cf2-841f-f4861320d1d8,9d9fe379-f313-4c5e-8501-063f7f4d4907,215.4,WR102,Noah Brown,WR,HOU,2024-05-20
746a77dd-2238-418d-b736-f21ac804caed,57754737-d485-4aac-b26c-c39e2da4157b,215.4,TE36,Zach Ertz,TE,ARI,2024-05-20
ff47408a-4f83-4e5e-8a3e-07e76012ea2d,ac966563-1e1b-40c0-81fb-2d57f58329f0,215.4,RB72,AJ Dillon,RB,GB,2024-05-20
220b09df-76f5-4c09-b525-7bd4113aa51a,1cdc8a84-3a59-46aa-b43f-c7e84768099b,215.4,TE37,Theo Johnson,TE,,2024-05-20
bfcfc3b6-3a88-4b56-97b9-c8d2cdf2f5f4,e2403548-a524-4f15-a76b-fe6078af80e4,215.5,WR103,Kadarius Toney,WR,KC,2024-05-20
4e5dbe38-e83b-4636-a554-8891a00175a6,c35b6964-a0c4-48c2-9d0d-24bcc1faf218,215.6,RB73,Rasheen Ali,RB,,2024-05-20
819b347a-556a-4c90-b7b1-356dc12c162d,229b2cf7-ca6c-4394-b7f8-27883fb8abb7,215.6,RB73,Kenneth Gainwell,RB,PHI,2024-05-20
8345b52f-3b03-4d99-8b01-fd2ddbb64975,8ff33470-26ef-4ddd-920c-8426f449b760,215.6,WR104,K.J. Osborn,WR,MIN,2024-05-20
e68c8a9b-e51b-4184-b41e-0b9ebf3ad193,97ee986e-2744-43fe-8fb2-7e787b0ad1a9,215.6,WR105,Treylon Burks,WR,TEN,2024-05-20
719c71db-62c1-4ee7-975b-8432bb073633,757851a6-79b9-4c5b-af7e-af0fcb9d5f80,215.6,TE38,Donald Parham,TE,,2024-05-20
dc54aaed-d67b-4a0b-8893-858001d7053d,c30a3a40-ba8b-4a16-b425-a5665aa3c8d9,215.6,RB75,Justice Hill,RB,BAL,2024-05-20
87636b39-9e67-42b6-afa6-2e0e3c51e6e1,2b137246-eb40-4e14-adf0-7f0287d59ba4,215.6,WR106,Allen Lazard,WR,NYJ,2024-05-20
bac84494-6e28-405f-91f3-558aeac31fbe,0bc2e7fa-b5e5-4570-9709-0fdeb1ab5884,215.7,TE39,Davis Allen,TE,LAR,2024-05-20
ad6ea23f-5301-4943-84e4-79dc17f32393,a863d144-7cda-4c94-853e-10b442a2b990,215.7,TE40,Hayden Hurst,TE,CAR,2024-05-20
fbf8b8ae-923c-4e91-a4c9-def0077bcb76,b81c8cfe-41e9-4a9b-9fe0-614ee26eb47c,215.7,RB76,Miles Sanders,RB,CAR,2024-05-20
1507292b-ae32-4d4c-b453-630ba7b1de42,c6c27b0d-56e1-46e1-b6a0-33a47445b3e9,215.7,QB35,Sam Darnold,QB,SF,2024-05-20
570783cd-9232-4630-bcb8-cd9986cfd0c3,f2933db0-3b5e-44ff-a354-7a06053ea2b9,215.7,WR107,Michael Thomas,WR,NO,2024-05-20
10f54e5c-2622-4fe7-95ae-eb1876f1b20f,53ffaf45-c3aa-4a6c-a459-0a5259b4f104,215.7,WR108,Trey Palmer,WR,TB,2024-05-20
006cb498-eca7-4e4b-a528-d085ed17ebde,64008c21-878e-4bf9-8780-1031be9d89fb,215.8,QB36,Taysom Hill,TE,NO,2024-05-20
fa05fa48-c595-4b99-8fdd-e50dc8644fce,51e0ef29-0e21-448e-b1ae-9fbb76222dee,215.8,QB36,Aidan O'Connell,QB,LV,2024-05-20
e8b684d4-eb6d-47a8-872a-bc8d9a30baf4,bd1db5e8-6e7e-480a-aad2-48c888d127bf,215.8,TE41,Will Dissly,TE,SEA,2024-05-20
60308505-0d50-4aad-88e6-7af905d7be9b,c0bff409-96be-47f4-be5d-304b83289176,215.8,WR110,Bo Melton,WR,GB,2024-05-20
7177498d-684d-4644-b695-966576290583,843ffb53-0feb-4432-981b-f3b483d08106,215.8,WR111,Jacob Cowing,WR,,2024-05-20
2e4af01e-cf3e-4a59-8532-e115e1fb5d82,6d43b896-92a0-4ffd-8fe2-4a2ec2346e39,215.8,WR112,Tre Tucker,WR,LV,2024-05-20
265a18aa-da2a-4a29-8a2c-d9429163faf4,ed87b2a5-c17b-4d24-9c6c-a6118a01a4fa,215.8,WR112,Donovan Peoples-Jones,WR,CLE,2024-05-20
b449f31a-1021-49bb-8095-b31a6e7d1b77,dc551b03-9c78-4796-b578-776208fbebb8,215.8,TE43,Daniel Bellinger,TE,NYG,2024-05-20
18210d4f-3e18-4ffe-9478-5f17216b7dcf,bcc30f17-0f7c-4772-9303-a6e4439409c7,215.8,RB77,Dalvin Cook,RB,MIN,2024-05-20
bd7fdfef-bf95-4c63-ac61-1ca7672ef09f,b1672075-e4a6-4e66-9b8d-639a1eaccf99,215.8,WR114,Johnny Wilson,WR,,2024-05-20
73fef32d-eddb-439b-b0ce-5b4fc97b01ea,db7b048c-ba3a-40be-9187-a81de14d0123,215.8,RB78,Deuce Vaughn,RB,DAL,2024-05-20
213ba323-af65-4bad-bc69-8806bcb6f8b4,dfb6a448-33eb-4fb4-aaf8-8e9f29e36039,215.8,WR115,Tutu Atwell,WR,LAR,2024-05-20
63eec11c-1dd4-4fc1-9d4c-518113126176,5c996508-9376-4649-a340-dca1b4325dac,215.9,WR116,Andrei Iosivas,WR,CIN,2024-05-20
cd52e459-87a8-465f-b612-a51359fa9c19,54854ab0-6688-41b5-9f5b-4c7bb6ea5b62,215.9,RB80,Samaje Perine,RB,DEN,2024-05-20
8751a396-97c5-4d23-bb5e-f69039bbdd85,f9cefb91-2c73-4e10-8ff2-635c9350577b,215.9,WR116,Nelson Agholor,WR,BAL,2024-05-20
901297b6-477b-4550-85c5-d84731409415,c86a8455-08b6-4bb3-bd21-9ac7fe093ae9,215.9,WR118,Jonathan Mingo,WR,CAR,2024-05-20
4b1bbd87-a4eb-49ed-a734-0387091e8449,7f88e335-8f45-4298-af36-6451c0ea1d1e,215.9,TE44,Gerald Everett,TE,LAC,2024-05-20
31792727-1104-49a3-b4bb-e5534f79e32c,1780471e-fbac-4850-8e9c-168943f95f1f,215.9,RB81,Eric Gray,RB,NYG,2024-05-20
fae0a306-831b-4fb4-b925-1cccd0f862d0,806c8820-67c1-49fa-b9de-d1c3c4e55038,215.9,QB38,Tom Brady,QB,,2024-05-20
fbb251bf-b1b4-4111-bd97-09923e621de8,a8772039-c773-4703-81b5-ea71e53c56f5,215.9,WR120,Alec Pierce,WR,IND,2024-05-20
c81a2382-598c-4be6-94de-3800178f8537,ac9f0cd0-ddc3-40a2-bf05-bd919e0630d3,215.9,WR121,JuJu Smith-Schuster,WR,NE,2024-05-20
a536b008-420c-4e5e-a333-c3b05462f128,189fd1e2-d3d5-49d1-a63b-4f8fcfbd3e77,215.9,WR121,Jauan Jennings,WR,SF,2024-05-20
fd25b0e0-609e-4721-a14f-3bc843992830,eb3931e1-de43-45ad-986f-b8222a838fd1,215.9,QB39,Sam Howell,QB,WAS,2024-05-20
ef3fd24b-55b9-4640-9098-4c1dabda6b3c,50c1e9a5-e212-4cba-ac23-d8c8084a6b2b,215.9,WR123,Calvin Austin,WR,PIT,2024-05-20
d7a795d7-eadd-4a10-8c6d-a4626801af9d,4f0afbcf-ad42-4fb9-8661-0458d8a11859,215.9,RB83,Cordarrelle Patterson,RB,ATL,2024-05-20
c4afdc45-7573-4792-94e1-fb5edcac1f52,4c286f7d-da6a-41ba-a471-f1fcad219888,215.9,WR123,Brandon Powell,WR,MIN,2024-05-20
b6d0dae3-7a01-4d3d-8d43-521fd0974b9d,0684d766-82d6-4e8d-a99d-9a3ad23b9103,215.9,RB85,Jamaal Williams,RB,NO,2024-05-20
09c39676-c6e2-4633-888f-5e34d2986959,99cf8cd8-945b-4740-8359-6b09dfd470b4,215.9,WR126,DeVante Parker,WR,NE,2024-05-20
f80d5527-7688-4d02-a14e-fd33e8fafc57,252b01c1-2bde-4112-bbfb-6440ade9258d,215.9,WR126,Cedric Tillman,WR,CLE,2024-05-20
bb6c9c06-5502-469d-a4ff-7b5d78e29358,60875711-004e-44b6-b5e6-b8e023b2ed63,215.9,TE45,Noah Gray,TE,KC,2024-05-20
322fd889-ea3a-40e6-a23c-790609a0d4eb,46086bdf-1eb0-40ac-b719-35f52292bc12,215.9,TE45,Jeremy Ruckert,TE,NYJ,2024-05-20
b9d7fb42-b2c8-499d-989a-f6c8dd3cf6b1,505405b8-19e0-4e74-9c0a-c29e5c8ae1bb,215.9,QB40,Jacoby Brissett,QB,WAS,2024-05-20
7d86b339-030c-4675-95c2-c6b61f9b606a,63e60cc6-a2c2-40dd-93ab-72e0faac9083,215.9,WR126,Mack Hollins,WR,ATL,2024-05-20
50577965-a04d-49ea-ad85-d5cab7a95602,46f5c977-369f-4672-805b-d5f3b61601a0,215.9,WR126,Justyn Ross,WR,KC,2024-05-20
c6df5728-8e21-42b5-aba2-06d20440fee3,ed8cdde6-be75-48d4-ac1e-05a49035193c,215.9,QB40,Dorian Thompson-Robinson,QB,CLE,2024-05-20
a992b27a-ad4b-4e36-95da-5390880774ac,0c95404a-2678-47d7-b8e2-5f72bc35287b,215.9,TE45,Cary Angeline,TE,,2024-05-20
3686e83c-f931-481c-a085-a2c889132648,cca9f7b1-3c75-4227-acf5-c40a2c3b2c4d,215.9,QB40,Taulia Tagovailoa,QB,,2024-05-20
adc063db-5641-45b5-be49-88f26285ada4,b4f1c317-0cab-4cb4-97dd-05203bb06c6d,215.9,WR126,Shawn Poindexter,WR,,2024-05-20
db4eaa27-b779-4770-80f6-c5193f04a2aa,708cfb6f-53e4-4d32-ab05-0abe667586b2,215.9,QB43,Jarrett Stidham,QB,DEN,2024-05-20
f96db244-41fb-4bc5-9996-360f3d67169e,56f7a603-f900-4d03-b066-da707e738d6d,215.9,TE48,Tyler Higbee,TE,LAR,2024-05-20
c84622c1-dc3c-4b17-a280-98fd65f1d209,e9f27df3-1fa9-4139-93a6-0b3cf66b40b5,215.9,RB86,Trey Sermon,RB,PHI,2024-05-20
da0e131b-567e-4a39-9945-ff5546d9fd86,0657d568-8a08-4c0b-8112-61bddce5edd0,215.9,RB86,Jerick McKinnon,RB,,2024-05-20
96fbb541-027d-48f5-81a1-4cfeef5a8dd2,1e22a254-5c0a-46a1-90d0-f74e5b61078a,216.0,WR131,Van Jefferson,WR,LAR,2024-05-20
0fc77230-391c-48a7-9e23-9da8664fc173,a5ab3c4d-dbd1-46a3-aafd-fa277c6c528b,216.0,QB44,Drew Lock,QB,SEA,2024-05-20
fd610581-0510-4190-b532-a0fff53a35c7,4bfe28e5-0792-4db9-a256-f0684cdbbbee,216.0,WR131,Chase Claypool,WR,CHI,2024-05-20
b3a4187b-aca8-47a0-b4cd-345eea97908b,b26d253f-6295-44a3-97e6-09e84c71bb48,216.0,TE49,Tommy Tremble,TE,CAR,2024-05-20
3a536465-2ab4-4487-9168-e8f0a2eef506,dc1ddf1f-55ef-41d8-a6bb-9b0e6f09831b,216.0,WR134,Skyy Moore,WR,KC,2024-05-20
af26d885-99e2-490f-9df2-2319cda3ecb1,ad13bb4d-2b58-4eb2-b914-c38cebcc21ec,216.0,QB45,Jameis Winston,QB,NO,2024-05-20
7c589e2e-500e-42cc-be9a-e258bd698e26,1d88d6df-e227-42a4-8909-7eff2f18214e,216.0,QB45,Joshua Dobbs,QB,CLE,2024-05-20
c5ee0aba-9ef4-4f42-9594-43be1467eb32,08804ef2-c983-4ea2-b7c9-325628a1e45a,216.0,RB88,D'Ernest Johnson,RB,JAX,2024-05-20
9f07c4b0-2fa7-4a22-875c-921d60201541,2087585e-807f-4f70-9a3b-916323f89025,216.0,TE49,C.J. Uzomah,TE,NYJ,2024-05-20
be83f18d-a83a-45e1-8fa0-abeacb12b670,5b340de6-8258-4cdd-80d9-a8fc401c3db9,216.0,RB88,Royce Freeman,RB,,2024-05-20
dd9c5c91-e0cb-4b91-af57-3b729228ea31,df987034-7ce1-4afa-a28b-0bf557793758,216.0,WR135,Parker Washington,WR,JAX,2024-05-20
0d5833e7-4233-460c-9213-98f2304f7265,dc3165c9-7f09-463a-ad6f-ed3e9c1133cb,216.0,WR135,Justin Watson,WR,KC,2024-05-20
f38f0702-7a00-4b33-8f0e-4dd4540c199d,a3901a5e-309b-4dc1-b62f-a9e7887ba7a7,216.0,WR135,Tim Patrick,WR,DEN,2024-05-20
e8512f55-33f6-469b-b492-d2a2ed9bec0b,c69d5b8f-c689-48ec-b36a-f127a261b73d,216.0,QB47,Jake Browning,QB,CIN,2024-05-20
acc8d136-4e6d-4eaa-8d98-77488e4b66e4,e6ea81a9-a676-4a48-bcbc-2b97cde9e29a,216.0,WR135,John Metchie,WR,HOU,2024-05-20
59db1568-870e-4af1-bcfb-ed9301279ee3,360552c2-774e-4ebe-8f1c-a33d5bdb3365,216.0,QB47,Joe Flacco,QB,,2024-05-20
b1aaef12-a30a-4ebb-a13e-148787cdca47,8d5fca39-4681-4baf-9149-39eb2cd82bea,216.0,WR135,Randall Cobb,WR,,2024-05-20
68577723-b13c-4955-b371-33dbb6a5bc18,bea6c553-38bf-40c1-ab80-b48c5a23a78d,216.0,WR135,Mecole Hardman,WR,NYJ,2024-05-20
12308974-1855-4b30-80b2-6dd202ecae1c,2b583c0f-9170-4972-a65b-dedc29a66967,216.0,WR142,Michael Gallup,WR,DAL,2024-05-20
cd9c142f-9c93-4088-9213-9538c40b94ec,35490f3c-4283-47e7-b260-bc73e4b0139d,216.0,WR142,Cedrick Wilson,WR,MIA,2024-05-20
e8c42ea0-f69e-42fb-955d-a627d7446149,a22743b2-363b-43a2-b182-94cff9998b16,216.0,RB90,Chris Rodriguez,RB,WAS,2024-05-20
6cec5387-b9aa-4091-824f-80656a0d72e0,b051fda9-3b0a-4535-8831-555fd2e0172a,216.0,RB90,Ty Johnson,RB,,2024-05-20
9edc79a1-7ec7-49c4-8919-c57251d06a81,ae5f5999-10aa-4735-81c6-dbeda5400ad8,216.0,WR142,Xavier Gipson,WR,,2024-05-20
b84cd889-123d-4b22-9d9a-0cec8f689aa4,9a5008b9-2fe9-4477-8590-2205f82a337c,216.0,WR142,KaVontae Turpin,WR,DAL,2024-05-20
cf7d92b0-1b43-495b-9899-998d4ec726ec,de0a9863-2185-4a9b-a8f8-857ee9af0d8c,216.0,TE55,Robert Tonyan,TE,CHI,2024-05-20
3c8b256a-168f-41d1-8f96-956b7a642c80,51acbf2f-966d-4213-8c23-b482a4f2e263,216.0,WR142,Ronnie Bell,WR,SF,2024-05-20
761eb174-6512-41e5-b81e-64734b62d9c4,7a6976b5-4477-4173-bae0-bd6b1f0e0b94,216.0,TE55,Irv Smith,TE,CIN,2024-05-20
0528233a-60e7-4436-8bf5-fd89452b6c90,41fef058-6c30-47d1-8aea-93ba62a28714,216.0,TE55,Josh Oliver,TE,MIN,2024-05-20
911a9e36-b485-4eb7-9c71-fc368022a419,b2383320-4cbb-4309-9bbb-ddc546953c9e,216.0,TE55,Luke Schoonmaker,TE,DAL,2024-05-20
d2e6e509-3707-4c90-9567-49e796389e13,c4df0f2e-cb53-4c4c-a992-addf71733b47,216.0,TE55,Quintin Morris,TE,BUF,2024-05-20
b55d1790-afa3-441c-aa95-6cf4d7f41c2f,1616ac66-d8ab-4c79-9598-e0d61242faa7,216.0,RB90,Rashaad Penny,RB,PHI,2024-05-20
0a660cf0-d6a0-46f6-9ef2-30f155e922b5,b37b6f6c-4d40-4b28-96eb-8032f1852452,216.0,WR142,Lil'Jordan Humphrey,WR,DEN,2024-05-20
eb41cc7c-38c6-4904-92fe-462d09c41a04,5aca3452-c677-4c7b-96dc-36046152cdb8,216.0,RB90,Cam Akers,RB,LAR,2024-05-20
cfcd193d-2476-495e-b4a6-69ad595cf827,06e79d6b-ad86-4a69-97d8-40470d70fdf9,216.0,WR153,Tyler Scott,WR,CHI,2024-05-20
c9699180-ed82-4045-9915-9019c75407e0,0c99e47c-9d97-4290-9021-3671087503e0,216.0,WR153,Jake Bobo,WR,,2024-05-20
73f20a15-b77d-466f-bcd2-e35427db6f92,2101a7d6-977e-4d62-b3f0-85486648d6aa,216.0,TE60,Will Mallory,TE,IND,2024-05-20
26deaea1-c5ef-4ed4-a422-2ba556d71e5a,f972b7ae-d069-4104-83ea-5c5654a1daf5,216.0,WR153,Dyami Brown,WR,WAS,2024-05-20
738a3b79-6abe-4d59-84e6-674fd8f2c362,b90e3184-7bb0-495a-a598-116eff63f7d9,216.0,TE60,Brevin Jordan,TE,HOU,2024-05-20
0c821d9c-9acf-4d90-9afb-d1b21b7d94d0,5e48750d-552e-4c64-a107-e8d781f8b2da,216.0,TE60,Durham Smythe,TE,MIA,2024-05-20
8028b9c5-3284-4b53-b5f7-2386290ff533,9ae8da68-89c9-41d7-a927-7fc84e878148,216.0,TE60,Kylen Granson,TE,IND,2024-05-20
90728435-ed92-4ec3-bd35-dfd8ebbb3d7d,55d0e0e1-01a7-477d-9771-335ae7614dab,216.0,TE60,Elijah Higgins,WR,MIA,2024-05-20
7067b0a6-4315-4034-a824-7600b81c383b,bd6ca3b5-46e3-496c-812b-bb04e61515cf,216.0,WR153,Parris Campbell,WR,NYG,2024-05-20
0adc2b03-b00e-485e-907e-55f5721ca15c,9525a6fa-2259-421e-8f69-50df349c6a82,216.0,WR153,Cornelius Johnson,WR,,2024-05-20
a30d94ec-ba4b-4bc1-b943-2bcaf129d453,bcb347c7-ee26-4f3d-9937-758f3ac1733e,216.0,RB96,Israel Abanikanda,RB,NYJ,2024-05-20
9cbd9424-e6dc-4d67-b610-9f63c94696dd,568b03d7-5389-42d3-8f16-1ac14ba5da0f,216.0,TE60,Brock Wright,TE,DET,2024-05-20
b26fc3ec-e40b-4f49-901f-6e50680a66a1,53abb812-7fc9-49d8-b26d-c46d9254e7e0,216.0,RB96,Isaiah Davis,RB,,2024-05-20
9ad96817-a9be-4c0b-a12e-2c477e04938e,90472944-f8fb-4ac5-9876-60713fc2fd22,216.0,QB50,Trey Lance,QB,SF,2024-05-20
a11696e8-3680-4923-8d97-f621836bb196,429bbcac-a81f-474e-9306-00a3888de9da,216.0,RB96,Keilan Robinson,RB,,2024-05-20
0d9aa568-528b-4ef4-b55f-464b4dd1a0ba,9a022432-a418-48f5-9473-f4af24814bbc,216.0,RB96,Kareem Hunt,RB,,2024-05-20
28b517e2-0213-4cc9-8b2f-0feec11cc97d,933d45c6-7a5e-4c2f-9b1c-44e22b7a70ac,216.0,WR153,DeAndre Thompkins,WR,,2024-05-20
5f6ca332-ac80-4eaa-8549-97d3bd0f243e,714b9e10-4ada-455e-a8ad-e869a265cde1,216.0,TE60,Matt Sokol,TE,NE,2024-05-20
c8d1fdbd-04ca-4edd-9e13-91a046d7f231,4069bb46-5cdb-4cdb-a670-38912d166f2d,216.0,TE69,Tanner Hudson,TE,CIN,2024-05-20
a179ac9e-8ea4-4e94-aa78-34b7da2c660b,dfd3ffeb-7204-40aa-afc9-b4abd000c025,216.0,WR160,KJ Hamler,WR,DEN,2024-05-20
bbe17e59-1283-4da9-8cd8-c6d0a4f8f1cf,fb4f8919-1a38-43af-a6f0-841403e012ce,216.0,RB102,Kevin Harris,RB,NE,2024-05-20
e1219a66-cd95-4e7c-8758-2668320e7ea6,bcedd3bb-a8a1-43ef-b90a-194fd9d2ef86,216.0,WR160,Braxton Berrios,WR,MIA,2024-05-20
bbe2c349-7bff-43f0-b079-9260f7b3d521,d4baf681-84a9-4ed2-9373-f02e30ce4d69,216.0,WR160,David Bell,WR,CLE,2024-05-20
2d21c0f7-a545-440a-a565-175329d0c4b7,979eb0cc-91d9-4848-9fea-87ebfeb4b141,216.0,WR160,D.J. Montgomery,WR,,2024-05-20
876ffe3b-794a-4a34-8afa-c4e9259d7289,e13ef851-71c4-44b7-a5d6-71b594dc307e,216.0,TE69,Johnny Mundt,TE,MIN,2024-05-20
921442ad-e957-46bb-b414-174084f12419,4c06ce0c-9c66-4a9f-9e99-82748ad21cf7,216.0,WR160,Charlie Jones,WR,CIN,2024-05-20
14c2b7ee-64f8-4ca2-b34c-92a5b30e47da,7cbb0d09-0c7d-46b2-98c7-c585c8054116,216.0,WR160,Trent Sherfield,WR,BUF,2024-05-20
6683318b-80cc-4ab4-a0bb-1072ffa505e9,82682a2a-6ca8-411c-b723-2aeaaed8787e,216.0,RB102,Michael Carter,RB,NYJ,2024-05-20
f827b7e4-2719-405d-9b19-d981a223d7d0,cee10b9d-7ede-4a61-abf6-cfff4b4e180e,216.0,TE69,Darnell Washington,TE,PIT,2024-05-20
0c0a1763-caa6-4bc1-9d5d-70f23060e934,7e6f6802-ff96-4ef9-8e01-14724b993253,216.0,RB102,Craig Reynolds,RB,DET,2024-05-20
df046fb0-8a47-4420-8ce3-9b50491fdad3,a8f308d5-bade-4b9c-bd91-129f605897e7,216.0,TE69,Adam Trautman,TE,DEN,2024-05-20
54a54733-6ac6-4513-b9f0-299fc1bb54cf,127d73f9-7548-4399-8b5d-7ed7ac9770f7,216.0,TE69,Brenton Strange,TE,JAX,2024-05-20
0dc40260-c78f-4e05-a089-521a3b519265,51fa7a91-93c6-4aa5-bf9c-1347f419b995,216.0,WR160,Tyquan Thornton,WR,NE,2024-05-20
0336c87f-76c8-4abc-b892-11f7a328e472,3dcb0e0b-9b92-41eb-a632-088167c44521,216.0,RB102,Isaiah Spiller,RB,LAC,2024-05-20
414b6491-3fb2-468f-baf3-0bba243b90db,cb2b83bb-370c-43b0-88a5-82b516100865,216.0,WR160,Trenton Irwin,WR,CIN,2024-05-20
3f354ac2-a8da-4998-a095-50e44c3f88e2,e0cee736-2dcd-457c-8c87-00dc56bb6856,216.0,RB102,Ronnie Rivers,RB,LAR,2024-05-20
68ec0162-72af-4cbd-babc-b01d03901d60,28f21713-1487-4c17-baf4-ba9b806d3788,216.0,TE69,Stone Smartt,TE,LAC,2024-05-20
5cb0af60-1cba-4c5c-8d94-942b2897365d,e6bb4b6d-b2b6-446b-8c2f-f9a27dd2783b,216.0,TE69,Cole Turner,TE,WAS,2024-05-20
0e476e0e-3a3a-4ca5-8a16-871312caecd7,237de2f0-e473-40ed-89b7-220bc9b29875,216.0,WR160,Laviska Shenault,WR,CAR,2024-05-20
5b9260e4-efdf-4829-8732-c8b5de566243,f3a5c04d-f5af-4f6c-8cf7-7af190f50cc6,216.0,RB102,Chris Evans,RB,CIN,2024-05-20
3e100e26-2cea-46de-bc5b-2658d5efaf93,df8225e2-d641-4d0b-823f-f9090ea21292,216.0,QB51,Tyson Bagent,QB,CHI,2024-05-20
9764b90c-1865-4f38-b126-7c8a4a97a310,87ab74dc-271d-47a1-9bce-6a0b05cb07be,216.0,QB51,Marcus Mariota,QB,PHI,2024-05-20
b493824d-2e8f-4d5a-ad89-6f4ae170eb2c,88982239-ce37-4c5f-8c28-c347112d670f,216.0,QB51,Zach Wilson,QB,NYJ,2024-05-20
a627a4de-7fd5-413c-b099-04ae518fa68e,edc3553b-421d-4ae7-83f0-747bcbe68ea0,216.0,QB51,Mason Rudolph,QB,,2024-05-20
13cf2442-b3e6-47f3-a7e5-71ee716deccf,4c5173c1-c942-41ef-8eff-b4ba9d819402,216.0,WR160,Devin Duvernay,WR,BAL,2024-05-20
17fad407-eaec-466e-91ce-9076a133aa7e,6b836f4b-35a8-4e1a-b7e6-1324111684ff,216.0,RB102,Kenny McIntosh,RB,SEA,2024-05-20
5970fcec-03a4-494f-8ee0-4411b862853f,620f78f4-a38c-491d-9088-2a7b9e5dbbae,216.0,RB102,Sean Tucker,RB,,2024-05-20
12d3481b-b7f6-4d82-baa4-3305e68d386d,54fa09dc-30db-4625-9a36-95f59589e4a9,216.0,RB102,Jordan Mason,RB,SF,2024-05-20
48ea47a7-85fd-4446-95f1-55930d05b0e9,a87e5777-3663-4c87-8c62-fbc4459def1e,216.0,WR160,Antoine Green,WR,DET,2024-05-20
bdeac3a4-634d-4ca5-8727-2f364b61a557,1e8d3d2c-b9aa-4d4e-b9a6-8e3cd2b01e33,216.0,WR160,Hunter Renfrow,WR,LV,2024-05-20
0e91a929-f343-4dc0-95c9-ff21a6ff3090,4ecd2ff4-0ba0-40c8-92b0-e0312d62a36d,216.0,WR160,Kawaan Baker,WR,NO,2024-05-20
509ee9f1-e553-4e4f-b8ff-69df91cec15b,9339e8f7-0db1-4644-99cd-a5de7fd4676d,216.0,QB51,Jay Cutler,QB,,2024-05-20
5c275558-75d3-4b5d-bd13-829b4c1de4b6,892b3243-954e-4572-a48e-a188cf5e73ca,216.0,WR160,Darrius Shepherd,WR,,2024-05-20
0d8c52b1-1d65-476b-8b70-928503c96cfd,999d8e9e-82e1-4314-aee4-5c97b1ee48ee,216.0,RB102,Deneric Prince,RB,,2024-05-20
54c93cad-a2f4-40c7-ac0a-b56b95b86665,501540fa-ada9-4e50-8cbc-0afee30178c0,216.0,WR160,Johnny Johnson,WR,HOU,2024-05-20
575c9a2f-3963-4394-8442-f70eb687aba9,95e93b15-79f1-42cd-993f-6881cc28141b,-,,Josh Whyle,TE,TEN,2024-05-20
a2b54850-6f93-4aaa-9fa9-ec25f2880b6f,38534ff5-ba96-4cd7-9122-31902e18ec83,-,,Chris Moore,WR,TEN,2024-05-20
6856b052-fade-42ea-9e89-4195232c5bfb,a3cc6ddd-d3c7-4c2f-8003-b3684dba54d4,-,,Chase Edmonds,RB,TB,2024-05-20
70bd5c1a-c87e-4047-b059-a91295426161,24d76979-5f99-4af8-994d-8dddd42a1a02,-,,Robert Woods,WR,HOU,2024-05-20
f4a83082-fe81-4426-872a-8149f7e3ad77,600a0f50-3511-4795-8543-25c7a167e915,-,,Jase McClellan,RB,,2024-05-20
2e6cefc1-70c4-4371-9ffb-52e53d496d97,972ad53a-6288-46d4-a4b2-8bab13de4d32,-,,Brandon Johnson,WR,DEN,2024-05-20
3fcb4982-a042-4c07-a8de-3f400e1d1f27,8b75445a-ed27-4e97-97a7-8dae86f1f722,-,,Quez Watkins,WR,PHI,2024-05-20
24bc9733-11a5-4341-85d5-b5c695b2c6bc,9bac385a-16a2-469d-adf8-1b1192547421,-,,Xavier Hutchinson,WR,HOU,2024-05-20
0e5797b8-7260-41d5-8eb1-89d4722ede6e,1a783937-492f-47a2-9058-574dc3396d8d,-,,Isaiah Hodgins,WR,NYG,2024-05-20
87963d69-90cc-45b9-b364-09b66445f3ab,81db294a-396b-4450-af6f-0349ba219817,-,,Rakim Jarrett,WR,,2024-05-20
d5e21cf5-0ded-4b6c-9945-9b7c23a70c48,153696a9-1fbb-4205-b382-2813daac42df,-,,Nick Westbrook-Ikhine,WR,TEN,2024-05-20
2cc26c49-2a55-4215-ad40-66734cee2a35,76bb86af-c68f-486a-bbcd-6e1143294b8f,-,,Derius Davis,WR,LAC,2024-05-20
a1320ed0-2e51-4fe0-ae7a-b672aa4bb007,e1542cab-794d-40a0-b024-924f458fd1a3,-,,Lucas Krull,TE,NO,2024-05-20
1f19666a-3541-45d1-a5c5-8198c7c4d042,42662897-70d7-47e3-a3bb-3886117e770f,-,,Deven Thompkins,WR,TB,2024-05-20
c9dab34a-6d7e-4d13-931d-32f357da159e,6055d19c-9329-4216-a7a2-785f011e2392,-,,Ray-Ray McCloud,WR,SF,2024-05-20
c75c4dd8-f45a-44a3-a39a-3db80f20fb1d,cd2ba131-3706-4ce1-9e6d-7eb957f5a6c1,-,,DeWayne McBride,RB,MIN,2024-05-20
4d5bde85-4dcc-46e3-a3c2-46cea046d4f9,99915e61-05a3-420b-9414-4b7cc5dec39a,-,,Olamide Zaccheaus,WR,PHI,2024-05-20
b0a7a7e8-964e-4590-8d82-1b5e6a6b94a1,f9ab7c50-5ada-4c0f-bb41-2452e8ccec80,-,,Kyle Juszczyk,FB,SF,2024-05-20
093666f0-6f0d-4863-adbb-97642e881e78,3c2cc03f-efb2-4906-83dc-29730d41a049,-,,Kayshon Boutte,WR,NE,2024-05-20
cb1eb16c-2d66-415f-b5c0-05078c547d1d,6131096e-860d-46a9-8c35-6f99bbb950ff,-,,Peyton Hendershot,TE,DAL,2024-05-20
25b49d5a-7772-4c6b-b930-e8f11dea4391,d09fb0f8-e30b-4d7a-8a17-fb9a224f9476,-,,Payne Durham,TE,TB,2024-05-20
6b68bc92-b9b5-416d-bfe4-fa6b745fc05e,c4395b6e-4cfa-4303-9e8a-c9333d134f22,-,,Drew Sample,TE,CIN,2024-05-20
82d468d5-5568-4227-8690-d51e4cc0bfc9,6b33c2f8-f926-4f1c-bf1f-bf0786e93764,-,,David Moore,WR,,2024-05-20
dea55bf4-31b0-44a1-9ce2-2fee607ccf6f,75b58a21-6cc1-43ed-832f-a702fec0ef07,-,,Harrison Bryant,TE,CLE,2024-05-20
ae675d53-582e-409b-b1a7-3f2e6ceabb2a,8e2a76ca-66b4-4b3b-86ca-39d6c16960fa,-,,Kenny Pickett,QB,PIT,2024-05-20
54f7ff10-4cd5-4857-8144-be580947dc7f,e9d6f9da-9f11-433e-b041-f49493e79515,-,,Pierre Strong,RB,NE,2024-05-20
88bffa1c-ffa1-43ac-aaa4-02b609ebd923,133a4844-b2a4-466a-959d-eeeec03eb5dd,-,,Isaiah McKenzie,WR,IND,2024-05-20
3e1510bc-9c54-4e61-9838-5734cbe56ac4,da2aceee-c577-461f-a27a-25b746addcc2,-,,Allen Robinson,WR,PIT,2024-05-20
daf246b6-c0b3-47b3-b382-5217a824f509,bf2a9c10-259a-4966-9dcf-b99a61128cf8,-,,Foster Moreau,TE,,2024-05-20
1d5d05b3-723d-41ed-8e61-f15969fb84cf,60ecd2ea-8cb6-4de3-b1a2-bea8f2e7e5ce,-,,Michael Woods,WR,CLE,2024-05-20
7f70e186-919e-47ac-9f67-4c9a0f8dcb61,0c5747c5-27d9-4faa-bc0c-887636c60262,-,,Zach Pascal,WR,ARI,2024-05-20
270a287f-8737-4b51-ac42-84c7efb8c546,b2382f0f-6499-4c1c-b630-539964c59546,-,,Jalen Guyton,WR,LAC,2024-05-20
5f98823b-bda1-4843-bf9f-1f6cff625072,fd498b49-4486-47b1-abfc-55cb48b3e6e7,-,,Austin Hooper,TE,LV,2024-05-20
6a7b5f61-6ccc-4ca5-971d-110d85fc8345,146c4232-80de-4728-9ffe-dfe4118cd20a,-,,Chris Conley,WR,SF,2024-05-20
af2a3244-cde8-4ab9-a7ac-816d3690c55f,ea161fea-4582-4c50-bd01-76cc9050fd41,-,,Ben Skowronek,WR,LAR,2024-05-20
c08bbf8d-87b4-4c1c-84df-5b7344b07f04,60454cb5-6295-42e9-b0bb-1058245c62df,-,,Mo Alie-Cox,TE,IND,2024-05-20
f65b734d-2fd0-4625-b733-fd9d33a3796a,af9bc7b6-fdfe-4c60-b199-3508e9abad3a,-,,Jeff Wilson,RB,MIA,2024-05-20
570e65e8-1566-4492-9ab0-a723ee4492e2,692947d1-8ae4-486c-a454-8b794eccda28,-,,Zach Evans,RB,LAR,2024-05-20
cdc07993-3b10-4ba2-b8ec-0a835c1a0143,10a4ea60-c8e3-4e3f-b407-3636348067a1,-,,Ashton Dulin,WR,IND,2024-05-20
3b8f8b48-6da0-49e4-9352-5f8ccada93d7,d3040abd-11b2-4c94-b5da-c9396d813955,-,,Deonte Harty,WR,BUF,2024-05-20
2850d517-fd82-49a3-a6e7-570711d93312,16a50953-fbe5-4b26-9170-c3246fe7d5af,-,,Jalen Reagor,WR,MIN,2024-05-20
2f370934-371e-4025-ab32-5c325df424c6,24baafba-c81b-4242-a0bf-4ec198608324,-,,Desmond Ridder,QB,ATL,2024-05-20
e211a520-a2da-4075-a32f-99cc9252b43d,4e1c316a-c2ba-4cc7-a21b-ee00821ad5ae,-,,Jack Stoll,TE,PHI,2024-05-20
41c3e525-c738-4473-9bf0-bf33702258f6,82fb71e6-751c-4d58-9057-d45923b76716,-,,Jody Fortson,TE,KC,2024-05-20
18ae1c9e-c95b-4b58-b2f4-10d5406a35ad,0b86feb7-78bb-42fe-b616-c15c6286ec20,-,,Tim Jones,WR,JAX,2024-05-20
d590f9a1-960d-4f3d-ab43-a2587eae97bc,e7043ccb-63a0-40b9-83c7-7085da3fb1e2,-,,Boston Scott,RB,PHI,2024-05-20
91ca6a49-9af0-4ecb-91fd-3167eaf682eb,d21e7aec-d294-4fb3-a494-12e1361e8cf0,-,,Dare Ogunbowale,RB,HOU,2024-05-20
2988e99e-fe2e-491f-b7a6-4147761a4e07,1a03703d-3b3f-42e5-861a-98f5b1b050d0,-,,Danny Gray,WR,SF,2024-05-20
7cafdb7a-18c4-4941-b446-9eac7092d361,1a460d42-fb92-4617-a034-83a815fdee35,-,,Equanimeous St. Brown,WR,CHI,2024-05-20
17406e55-c423-4221-b5ce-5974fb37fd12,c3161dcc-7e6e-46a4-a992-32462e5a364e,-,,Jordan Akins,TE,CLE,2024-05-20
65c10744-994c-488a-bc94-dd5257cf164e,91378d4b-35bc-4249-a0e1-65e8719e7eed,-,,Pharaoh Brown,TE,IND,2024-05-20
f07bb9d2-1aee-4d10-8e2b-453bc60f05a3,8e657894-cbf8-4464-b60c-c9cf9aa2520b,-,,Raheem Blackshear,RB,CAR,2024-05-20
6a788250-09f0-4a7d-bcdd-12d856218703,61ced104-e70b-491f-9210-b9314023d3f6,-,,Jimmy Garoppolo,QB,LV,2024-05-20
a39c1ac5-f90c-4e31-a811-9a390177e946,3dcd99af-d7ff-445c-b088-c61faedb6538,-,,Mitch Trubisky,QB,PIT,2024-05-20
f2c84e76-06d5-45e2-930c-24ddecd2423c,06571d93-622a-491f-b241-be361cb2e5ff,-,,Ameer Abdullah,RB,LV,2024-05-20
948f53aa-1d2e-4372-b178-15a3d4fa0790,88db974e-ffe8-418a-ab27-c46b7f4ad291,-,,Kyle Philips,WR,TEN,2024-05-20
6581eaf3-6ca2-47a3-b15c-f37d4da35f50,bda0e797-b247-43f5-807b-88a38ca7924c,-,,Josh Johnson,QB,,2024-05-20
52386b38-865a-43b5-b830-906c90d0a03a,37910853-6548-4e29-84ed-c90534a5081b,-,,Tyler Huntley,QB,BAL,2024-05-20
7b4e3fc4-091c-46fa-b060-9bd2f6e88d86,74ef2f95-0fc1-4347-b8ee-3c3e59d61a54,-,,Tyrod Taylor,QB,NYG,2024-05-20
54e4c956-abcf-497d-88de-62d32f891cc3,f67a65a6-e2f2-4b9e-86cf-4955407f366b,-,,Hendon Hooker,QB,DET,2024-05-20
d8f6e358-18b1-478f-bb5f-b927d84e257e,fb090786-d8de-4e8d-9db9-04e89e44ea63,-,,Taylor Heinicke,QB,ATL,2024-05-20
f1900a55-7d86-4af2-86c2-f254102bb8e5,88ad20bb-1f50-4818-8b4c-93e72c0f97fc,-,,Jake Haener,QB,NO,2024-05-20
10f13a09-e84d-4d1b-a636-a334cb795957,d9e72afb-136d-4ddc-a451-57cb0476d5c7,-,,Cooper Rush,QB,DAL,2024-05-20
b6102802-b520-4dc9-97be-636358420904,233408d7-f785-401a-a86e-9b1961e1b2f0,-,,Davis Mills,QB,HOU,2024-05-20
c2d9b289-db13-42ac-8e68-42a30612c8b8,dd91cacf-e0a3-4032-9efc-7bc59b150c96,-,,Mac Jones,QB,NE,2024-05-20
da99efe7-bafc-4617-a6bf-bf68083bf8d3,e68bc769-aa01-475b-b738-7c390020ab37,-,,Sean Clifford,QB,GB,2024-05-20
ca85f976-8ba6-4b22-a6bf-1494e15f30b5,40e4454b-82c2-429c-890f-379ff69e48c5,-,,Andy Dalton,QB,CAR,2024-05-20
b11492b1-df0e-4f51-9f46-114269a22d68,f5719285-90d6-491e-9489-4ac0cb164e4b,-,,Easton Stick,QB,LAC,2024-05-20
d3c1d40d-feda-4bd9-aad8-82e72d6500f6,831137ad-faf8-4eb4-b010-c54cc7554d71,-,,Carson Wentz,QB,,2024-05-20
a12fda22-b4df-4319-8c4c-e37ef41b0a25,bafcc8d6-18e2-4a46-9c9d-64b37b608e24,-,,Mike White,QB,MIA,2024-05-20
716fa06c-d78a-40cf-978b-232271b40265,a6c845ff-11cf-4bc1-adc6-c898f5ee4a72,-,,Kyle Trask,QB,TB,2024-05-20
9633e561-f7da-49fd-89fd-8c2f018d96d8,ac8d73bb-7129-4ebe-865d-851a3ccc90ad,-,,Salvon Ahmed,RB,MIA,2024-05-20
99b175f5-3adc-488c-a44f-bdea07cb76c5,c416383c-a073-4c95-b98d-95f973469ee2,-,,Nyheim Hines,RB,BUF,2024-05-20
802d2054-c2bc-40c6-8ddf-c495eaec4e38,ed5f0b8b-addc-41c6-831f-80a0597469fa,-,,Jaren Hall,QB,MIN,2024-05-20
3bc1c582-f180-4054-bbfb-b136e599192d,72e51cb9-7908-4a47-a8f8-792efcd064c2,-,,Bailey Zappe,QB,NE,2024-05-20
4ff67520-cceb-4ba9-a7e4-8046991e0071,83f5497d-fa47-40e5-bb1d-95b79469d112,-,,Malik Willis,QB,TEN,2024-05-20
faaa6dfe-49d5-400a-8925-f72e80955d39,7e979d70-ba81-4b1f-a558-99da47b4afba,-,,Nick Mullens,QB,MIN,2024-05-20
973af0bb-6461-453c-b578-27518b73baf3,a6ae1e0c-62a2-4735-8cb8-8e2d30fbba2d,-,,Case Keenum,QB,HOU,2024-05-20
b6271045-83c4-4769-829f-877a05dedfc4,32dba8f9-38cc-4aba-843c-6ca91d562a0e,-,,C.J. Beathard,QB,JAX,2024-05-20
5f22313f-6322-4f01-9f90-2f45a0b41fba,5166aed6-f9f1-4163-9fb4-6dacf4406e29,-,,Michael Pratt,QB,,2024-05-20
c4657b54-09be-4063-8f29-d7f3cc8ce950,92906449-36b7-4a8a-984e-b371c96739b1,-,,Kyle Allen,QB,BUF,2024-05-20
33bb88e1-b7f9-41f2-a879-920d8d68cd51,653b8ff0-6dd9-41a2-9175-0fcba9f06dc0,-,,Skylar Thompson,QB,MIA,2024-05-20
3d6335f7-b494-4b72-bdda-e35b737dd581,c3059018-0cee-42a7-8ad4-e11aa6c5bfe5,-,,Clayton Tune,QB,ARI,2024-05-20
1a2b404e-3f76-444d-97cd-4df957615fb3,71693042-40f2-413d-b49d-17d923313d7b,-,,DeeJay Dallas,RB,SEA,2024-05-20
d1664452-4cdb-4a8e-b227-5580b308d80d,68174c3a-e18e-4623-b8e0-29c831b5cc65,-,,Travis Homer,RB,CHI,2024-05-20
1918f644-e44c-4553-b200-470bc80fe316,b32c9f52-1f85-4de6-84d6-a11183ad8829,-,,Ian Thomas,TE,CAR,2024-05-20
04dab54a-8ca4-48d9-8629-138c62b21ca2,679c6b4c-7792-4375-ad85-4f7490556d0e,-,,Connor Heyward,TE,PIT,2024-05-20
33d04e10-7e58-4224-85de-4bdf923ff651,6cd5bf09-3b66-4640-87e4-e532c0c7b175,-,,Malik Davis,RB,DAL,2024-05-20
216c7aab-c664-42a1-a7c0-1e598a32a399,52aa4523-7aa1-4310-9fd3-7cea1cbd5931,-,,Tylan Wallace,WR,BAL,2024-05-20
ff7719e9-8607-4b20-8730-5149a2f039f1,f3444c97-3d7d-4987-9844-64469a914f18,-,,Terrace Marshall,WR,CAR,2024-05-20
5aa85907-c305-4523-965a-6f7e34bbe72c,b464489b-bf3c-4d18-aa72-4b83e8ffb15b,-,,Scotty Miller,WR,ATL,2024-05-20
d0fb054d-ca45-442a-88e9-8bcd5f895ae5,7b6a4f58-122e-45c0-bf23-d862552ba221,-,,Stetson Bennett,QB,LAR,2024-05-20
395109a8-e6fc-4440-a557-22fdeb58a5f8,d2345f79-fcfa-4ff3-a082-dea796a53878,-,,Damiere Byrd,WR,CAR,2024-05-20
04d15b1a-3867-4863-8be6-b214a65cd5c3,10e0a2ff-5721-42d3-808a-c73914405da5,-,,Dee Eskridge,WR,SEA,2024-05-20
0d503fcb-2f11-4e10-916a-298d50b7d81a,366a4240-0e93-4773-975f-d9db4fe583f1,-,,Tanner McKee,QB,PHI,2024-05-20
9b067e05-8236-49a9-bcf2-3eb34222dfe3,5cf3b6f7-0ae1-4aea-a7e7-5693e41b20ef,-,,Sam Ehlinger,QB,IND,2024-05-20
065aad6f-9352-47bb-b285-03b4f2d7daa5,9d7702cf-633a-4956-a171-67db1e9d74a1,-,,Charlie Kolar,TE,BAL,2024-05-20
0a2d812c-9441-4522-82bc-46d1e74dce1b,fc2abfb9-cf17-40e7-a5a0-3cd636ecca49,-,,John Bates,TE,WAS,2024-05-20
c6b9a975-192b-40a1-9214-d6d26b10ded1,027b04df-8187-4652-962c-50aebcb28936,-,,Josiah Deguara,TE,GB,2024-05-20
17ccaa24-6a8d-405d-b670-18d2b6e5c28c,5ea148f4-b488-4c0f-9f49-fd2c074138ef,-,,Kene Nwangwu,RB,MIN,2024-05-20
70c5a9f9-c4f1-4abd-8c4b-50a4c3df8846,3ad0f7b8-98d9-4556-bf90-f432a56345c9,-,,Hassan Haskins,RB,TEN,2024-05-20
7b62826d-d4ba-414e-a0dd-9a026180643f,f7e9c5ff-ad4a-4fd8-b62b-693842b39d3a,-,,Keaontay Ingram,RB,ARI,2024-05-20
73138fb2-e809-421d-ab85-c429cbd1dda8,fa35326e-2e59-405f-8913-f7711f5aa054,-,,JaMycal Hasty,RB,JAX,2024-05-20
52b63aae-750f-4f94-81e4-bca6f9e9c3b1,97919afd-7439-44f9-9e2b-9f0f1478e5ef,-,,Patrick Taylor,RB,GB,2024-05-20
f8824843-7c4c-491f-8e14-865a9d2ed0eb,5d87928f-2bc7-498c-bbf1-824a5d83b714,-,,Tyrion Davis-Price,RB,SF,2024-05-20
67516f39-231a-44e1-92dd-092988603f2a,1b71ed87-7d6c-4bd6-b659-8cb882491d2e,-,,Brittain Brown,RB,LV,2024-05-20
67668795-16a6-453d-b181-9f7f26d793ba,1efead28-a46f-4525-bb80-71f0d05aa7a5,-,,Nate Sudfeld,QB,DET,2024-05-20
681dcd7a-0c3f-466b-8973-ac27bd12c806,9465be58-d5fb-4581-a275-1654dcb2f9c3,-,,E.J. Perry,QB,HOU,2024-05-20
6822f7e1-62bc-4466-8f01-bccae258e318,8241afd7-811e-4f9b-9e5b-71d707270d1a,-,,Tony Jones,RB,DEN,2024-05-20
68261f61-2bea-429c-8908-8c075b0b33b1,972d2ab0-e233-46e1-aa72-4d9c725dd832,-,,Easton Dean,TE,,2024-05-20
68bebc9d-9918-411b-8473-75ae41aa732f,531f52ff-5f9d-41fd-a094-df76ef6db136,-,,Alec Ingold,FB,MIA,2024-05-20
692588bc-dd9b-4805-bca4-ed7d32edcf4d,f75bc527-45ff-48bb-84dd-62787e5e8c85,-,,Elijhaa Penny,RB,,2024-05-20
6947d1f6-7290-472d-a2fc-77b4032a1726,76b32911-77ef-4dc5-a24b-94cef51b7f7b,-,,Demetric Felton,RB,CLE,2024-05-20
697ac7c6-a313-4674-a3dd-17892ca48336,5786c31c-c097-4b2f-aaf9-f7278a0c03ed,-,,Alex Erickson,WR,WAS,2024-05-20
6982c893-e852-4328-8b2d-1b27d0300229,fe185af0-5ea1-400b-ba68-754813802b96,-,,Jake Kumerow,WR,,2024-05-20
69880489-77bf-4230-b9d9-d0f60d96dbea,2e0622f2-f2a1-47b3-808b-9a8f58ec8c94,-,,Thomas Odukoya,TE,TEN,2024-05-20
6a5a2fcb-b066-47fe-b0b6-b9a54c053bdc,639548e0-9ce2-4799-a838-ba1e33d86fb1,-,,Jordan Howard,RB,,2024-05-20
6a61daaf-2761-4df3-81b6-b483eb000223,3a97acc0-ca80-4f49-8edb-c8e42846e4d6,-,,Scottie Phillips,RB,,2024-05-20
6a630c75-6def-4995-b8ea-8d3b8df795e2,1e0b5146-5d52-4162-b34d-984121c59d92,-,,Tyler Johnson,WR,LV,2024-05-20
6a7e8ad3-daa5-4633-8f46-76dbeffd238b,68dc655d-e697-4753-a723-a759a9911ec9,-,,Derrick Gore,RB,NO,2024-05-20
6a968cb1-8ca9-4f31-b97f-13a82859c464,43038e09-00c8-4b6b-9227-5ad84d5de2ad,-,,Alize Mack,TE,,2024-05-20
6ae4a3b9-458b-4935-83a6-9e07173e1a40,4b23492f-7fb3-44f1-9632-1d0dca1c0d08,-,,Demetrius Harris,TE,,2024-05-20
6b270754-2bfb-4a3c-b871-d30f9cb9edca,8bd196f0-a416-4857-a73f-90786072b710,-,,Miller Forristall,TE,NO,2024-05-20
6b53b9ed-3a4a-43fb-98a7-9d577e433011,4c5da537-b5ee-4339-9b90-750ff94b1712,-,,Spencer Ware,RB,,2024-05-20
6ba4a633-c2b9-4412-8583-17a548f94944,f47cdbe0-d64c-43e9-a75d-83aceb96372c,-,,Matt LaCosse,TE,,2024-05-20
6c36eacf-6233-4e5f-90ba-0ed935697cae,4331d6a9-022a-4577-8384-015cb487f184,-,,Colin Kaepernick,QB,,2024-05-20
6c603e6c-d539-4f88-84a4-4af48908977a,4253da2a-1ec1-453a-b18c-7caccbdc1dda,-,,Kyle Markway,TE,,2024-05-20
6c765070-3a72-48ed-a4a2-d1f514bb49bf,d100e850-d783-4a8c-bec0-9add3b2d9ea2,-,,Mark Ingram,RB,,2024-05-20
6c9ab33a-cc07-41aa-99ec-c1dc197b5360,ecdc9d60-8a41-4a9c-ac5f-8c2e317ae109,-,,Tyrone Scott,WR,,2024-05-20
6cb6e41e-cf39-4f6b-bd68-0912a1116761,78f863ed-a34e-4f8d-bf0c-6360de786632,-,,Andrew Parchment,WR,,2024-05-20
6cd87b07-658b-47f8-92b2-044cb90c07c4,d125cfb6-8766-4fc5-a436-64c5b0b19dcb,-,,Spencer Brown,RB,CAR,2024-05-20
6d0cbdc3-0b87-4b77-80df-f539446f2f5d,035dd34c-5185-495d-af88-fb3c47f838ea,-,,Jason Moore,WR,,2024-05-20
6d359ad8-7e9b-4aec-afdd-d6f51cd8f9c8,04550c94-f446-4180-8c4b-2146f0cad3cf,-,,Kenyan Drake,RB,,2024-05-20
6d4e0a0a-cd9d-48d0-8725-bc718ece14c7,faf1168b-1260-4685-99e9-35d6ace800ed,-,,Hakeem Butler,TE,,2024-05-20
6da0016b-4454-4fae-90aa-933a62d910e2,b988649b-4657-407f-8880-359cb629c720,-,,Luke Stocker,TE,,2024-05-20
6db33e92-17d1-4a22-8433-a2462ef7cb1a,853474b7-fa6a-47f2-8ede-f892423525e3,-,,Kyle Sloter,QB,,2024-05-20
6dce8ae9-a1af-4751-90f3-e0645eb8ac85,156af38d-098f-410d-822e-acb86ae4aecc,-,,Jarrett Guarantano,QB,DEN,2024-05-20
6deb19e7-084b-4e0f-858c-95e032156f86,d19d1772-5b41-4a91-abf7-3b08b9cf9798,-,,Dax Raymond,TE,,2024-05-20
6e13fb2f-8b07-4baf-921d-5e9b0c148dc1,828e279b-2c87-4d90-ab2e-2b7b37889e9c,-,,Samori Toure,WR,GB,2024-05-20
6e5fd3ec-69fc-4780-a23d-9199d511bbc2,a2379116-0ef2-4d17-9d93-c4424dfd57ca,-,,Mike Thomas,WR,BAL,2024-05-20
6e8d2dba-55a4-4ae8-b372-74a3efbfc220,57a15412-b1ad-4f8c-92df-ba5b2890814e,-,,Mike Glennon,QB,,2024-05-20
6ea33a3d-3ba2-47e0-9677-7b1d1949e845,88baddb4-a33f-4433-a1be-dc8042c8e4a5,-,,Mathew Sexton,WR,,2024-05-20
6eafe0e5-a8c8-49d3-a089-c4ef7e940b66,ce86296c-ef28-4b01-8363-c3d4cb5470f7,-,,Mike Strachan,WR,IND,2024-05-20
6eb214a3-50ad-4035-a081-e0a04c2717ee,6c05a3ab-6447-417e-986b-c713baa80595,-,,La'Mical Perine,RB,KC,2024-05-20
6ef48ceb-bad6-40cf-ae46-2a0f60bb43a2,c9e8fd75-195c-4759-b045-52f47fc1afda,-,,Wayne Gallman,RB,,2024-05-20
6f438d28-f518-4b86-82af-292c9108a834,f77e48d7-57da-4c3c-b042-c6007840d60f,-,,Nick Bowers,TE,CIN,2024-05-20
6f6760c6-9276-46d6-893c-32cbfe01106e,64de2043-de66-47e0-84cb-40ba4e10429a,-,,Josh Pearson,WR,,2024-05-20
6fa6d143-34b2-4109-8fde-e8ce21117907,91d0535d-dc7d-4422-82ff-abf56418a388,-,,Trace McSorley,QB,NE,2024-05-20
6fb70e47-bd8f-45d7-be56-a86be6e07862,cc88202f-4e53-44db-ad19-f21927c02848,-,,Jordan Franks,TE,,2024-05-20
6fd12c16-624c-4b57-aaf9-25ba27e8c39e,ccb4c515-ee52-4ff9-a5b8-1e66ba8cb02f,-,,Farrod Green,TE,,2024-05-20
700ba1cc-86b0-481f-b67c-42e846cb7d13,8d44a708-ecf8-4482-8b83-5ec872c14caf,-,,Kaylon Geiger,WR,TB,2024-05-20
7017657b-535e-4907-a671-769b48e86aa0,63845986-cbbf-4b55-b642-ec6016a905a7,-,,Anthony Gordon,QB,,2024-05-20
7051f603-c2c7-437b-b472-941bfe7f8698,58619510-459f-4cd1-b79b-0c2075d57cd3,-,,Sterling Shepard,WR,NYG,2024-05-20
707d9868-3ef7-4e7c-a913-adca19701cd6,1048a3a5-5817-47dd-a714-ca0c518a955c,-,,Lance McCutcheon,WR,LAR,2024-05-20
70aeef69-1256-4ffd-8ec8-05da17bb6a1d,6c9ba733-2f69-4e9f-ab8c-3c1e96777498,-,,Charlie Taumoepeau,TE,,2024-05-20
70ea42cb-a21d-4bce-9246-f2378f935012,8da84d64-bab4-4fdd-ac2d-f6729e5a31a5,-,,Kaden Smith,TE,,2024-05-20
70ed1b40-f4fe-4bf8-ba92-df7a79f947f7,abc1b350-c434-45a9-8dca-17b4078b1eb2,-,,JaVonta Payton,WR,,2024-05-20
71146fe8-9403-4245-88d2-9ee59341bde6,41842b45-a5a7-4cb9-8073-c3f9050349dd,-,,Ian Bunting,TE,,2024-05-20
713d369a-7db9-4a2c-8d48-8afcecc773c3,f2ad4683-9dcb-44f1-a9a8-7f8a66dae39e,-,,Matt Cole,WR,,2024-05-20
715563bc-6554-41f2-8240-c8853afe9b62,73ac7862-53ff-4c34-8941-0ee2dd78fb06,-,,Cole Fotheringham,TE,LV,2024-05-20
7165707e-8a74-4249-b925-9d0ccc5a608a,24a71118-d424-410b-be45-3b19e7ea7be2,-,,Myles Gaskin,RB,MIA,2024-05-20
717f5c7e-e196-4dc8-9510-903f014444fb,3324bf4a-377b-4bde-8f24-380ab961e382,-,,Darrynton Evans,RB,IND,2024-05-20
71a0006d-29bc-4310-b8fb-cd05feed5aca,7671e801-b8a2-48ad-b6fc-11abbdb3adf1,-,,Nick O'Leary,TE,,2024-05-20
71f17819-69f0-4a25-86c6-4eb550661c39,cf112a1b-475b-4e65-9632-70a0c560ab8a,-,,Reggie Roberson,WR,TEN,2024-05-20
723cce9c-4ccd-42e1-8731-3b12303fb75c,f10402d3-9960-4661-960c-a91f6d01d4ba,-,,Roosevelt Nix,RB,,2024-05-20
72bbd7bd-f82f-4726-ab11-4eb48d80c37b,58b35df8-3304-46f0-b0c6-ce770e4a16e6,-,,Connor Wedington,WR,,2024-05-20
731fa3f5-6e50-4e2a-bc33-1c1de000cf69,bd0db20d-37e1-4ecf-912b-b0b446ba3343,-,,Jeremy Sprinkle,TE,,2024-05-20
732e824f-c4a2-4342-ba4e-9213636604a6,34a5ecb4-ad9e-4caa-8091-4dc9c2e11e3f,-,,Austin Watkins,WR,,2024-05-20
736e2d0b-84c4-4d5e-817a-43616072290b,6d617460-69ad-4329-bab2-9b569c6658c8,-,,Elijah Cooks,WR,,2024-05-20
7378714f-0a05-4939-8fd2-5cd535228e86,eceff617-b29b-4615-84ae-46ee823e3f38,-,,Blake Bortles,QB,,2024-05-20
738b10bd-a3eb-4713-bf10-574f3722b604,6f385718-3d76-4853-9843-d2324108d70f,-,,Marcedes Lewis,TE,,2024-05-20
73e9a5dd-10a2-44da-9d23-5881a586b825,2d781336-e86f-4a2d-b807-0ded8bdf34ca,-,,Ethan Wolf,TE,,2024-05-20
7421d528-90c2-448f-a4ce-27c83ce32e8a,5d581dd2-e2b8-4a9a-8e74-41ca562f02e9,-,,Brayden Willis,TE,SF,2024-05-20
746d8382-f94c-4994-af71-7328c32220f1,237cf3d6-f890-4c40-810e-24ed46343fd1,-,,Dalton Keene,TE,PHI,2024-05-20
7492dc56-4131-4916-9927-8a74c93b595d,ee3dfdde-4395-4e58-bbd2-9dda756d7b7b,-,,Jaeden Graham,TE,,2024-05-20
74e9007c-e3b6-4818-895c-6f3cc19e8cd2,d8e0c276-5f16-400c-bcac-bffe8242a4b7,-,,Shemar Bridges,WR,BAL,2024-05-20
752a665c-6242-4e1a-8c21-885a074c369f,805e7e9a-65c9-4cc1-a6ee-740bef7c598a,-,,Malik Cunningham,QB,NE,2024-05-20
755272f0-85aa-41b6-b6e8-f36f4f86d77a,59875f94-9884-4978-a233-7e86d9c5cfd6,-,,Cameron Ward,QB,,2024-05-20
75d8d2c4-7676-4b5a-9a32-020ac771c88b,af723c0f-eae7-4e09-a78b-2c2d20c5c7cc,-,,Kevin Hogan,QB,,2024-05-20
75f7c484-c036-4141-b98d-54020859f2cc,099964f9-bda5-4158-aa91-dc9ad010b72c,-,,Steven Mitchell,WR,,2024-05-20
765f4e23-c75e-4954-ba8b-f9894292e370,f285404c-e81e-443a-ae67-717191a73836,-,,John Lovett,FB,MIA,2024-05-20
76d39a51-0607-44b7-aa11-6728ac3b147e,f1e3662b-5084-439a-9b4f-65b05962165e,-,,Dez Fitzpatrick,WR,PIT,2024-05-20
77397f7b-0d9f-4f7b-88ca-1af80e1d575d,ecb8932a-42c9-4dce-a1bd-e0a0aa21406b,-,,Jacques Patrick,RB,,2024-05-20
774d8339-e2ac-4f04-84e3-b0e61e8dfa60,99d029a0-aec2-4144-bb45-d7f0612bed38,-,,DeVonte Dedmon,WR,,2024-05-20
7796105f-1d3a-47bc-bc23-2eea2d9c4c8e,de7041bb-b56f-4bb4-847a-c9892bda0b1b,-,,Jared Wayne,WR,,2024-05-20
77dcea49-74ed-46b3-8abe-79840aca80f3,7ddd8486-056f-4df1-97bc-b78e8bbd67a7,-,,Ja'Marcus Bradley,WR,PIT,2024-05-20
7828e50e-dcc3-4d25-8aa3-f6287b2d1dba,ca54a085-25e2-46fc-a8c6-28340d1d2136,-,,Kai Locksley,WR,,2024-05-20
787a53ed-dcec-4ad9-9722-d7f71875a36e,1dc3e6a9-ae93-4126-a8ee-f047d9044296,-,,Sal Cannella,TE,,2024-05-20
78c281e8-3ac3-4050-b6a3-cdea042c1ac2,dbdffb2e-bc6f-4b9d-8abd-f255e5ef94fa,-,,Ito Smith,RB,,2024-05-20
78c7d43a-a190-454d-9f0e-1d015cc11c00,fdb0055a-981b-46e1-a3ca-34f47e314dfa,-,,Micah Simon,WR,,2024-05-20
78ea6ff0-5821-482f-97ef-63657917334c,759a1714-3937-4f72-b284-4202ffac385e,-,,Dre Miller,TE,NYG,2024-05-20
790caf64-36b9-42c3-8a05-0840f6cd0ff5,e3676ba3-3ce2-49dc-ba69-81efcdc5fe40,-,,Anthony Sherman,RB,,2024-05-20
791a7fb4-1307-40e7-85d7-0b296c830bb8,84e60fac-dddb-4870-891e-94a3c9f1c9a6,-,,Jakob Johnson,FB,LV,2024-05-20
792db1ec-1712-48f2-9b28-e377aabe7172,342bc747-0b79-41ec-a21a-80328a60dda9,-,,Quintez Cephus,WR,,2024-05-20
793584c6-51b6-4a73-bbf9-5af1031fe34b,e9fa5a86-cc20-41b0-889f-d6036b80ed99,-,,Cameron Scarlett,RB,,2024-05-20
795273e6-89bb-4faf-bb6b-4bbbcf49b1c5,ae6528b6-6671-415c-834c-cea02193d491,-,,Dillon Stoner,WR,,2024-05-20
79f4173a-fb27-4216-9408-8d0a12b6fe38,416ddce8-f30d-42d9-9318-c80dc4a03082,-,,Cade Johnson,WR,SEA,2024-05-20
7a845079-d2c9-43ab-8925-57b8d4878290,7ea783ed-bbef-483e-bd3a-7b34eef06d5f,-,,Phillip Lindsay,RB,,2024-05-20
7ad8b44c-a750-4a44-b3bf-534fdab2f89c,5c8d5c63-29ea-4a32-9a16-16749607508b,-,,Tyler Bray,QB,,2024-05-20
7b3adcb2-d4ec-49e9-9e39-550330626a64,6aca5814-17b2-492c-aaa2-4f93396bf608,-,,Dion Lewis,RB,,2024-05-20
7b3e6ecf-db59-4a04-9617-11252f2126cd,3535f0a5-728a-4e54-8b7d-8355d8c81e21,-,,Darius Jackson,RB,,2024-05-20
7b797b81-3188-41cc-a5da-12038c3962b8,a78c336a-f043-4845-b2d3-47b48a24a214,-,,Chris Pierce,TE,ARI,2024-05-20
7bb6bf23-71ff-4afb-a30d-75adb6e85374,7f0ebc39-13bd-42a1-a1e8-264d8c63f84c,-,,JaQuan Hardy,RB,,2024-05-20
7bb81f58-7c0c-4f7c-a240-efefb7f43ba8,c4d198b1-e557-42c3-815f-c0a734976b76,-,,Raymond Calais,RB,,2024-05-20
7bdd7f31-950f-42a7-b860-b81547d7025c,09e53f61-1fb8-4e59-972e-52522e99170d,-,,Trey Burton,TE,,2024-05-20
7bf83f6e-557b-4645-8c4f-372eb49edf13,fd697b3c-8cff-4e2f-9778-3bc953d13afc,-,,Cole McDonald,QB,,2024-05-20
7c19bead-7f54-4ab7-9cd9-3d35e6fa9065,de6f3d4e-a7ee-447c-90e3-90dbc6fba419,-,,Dylan Soehner,TE,,2024-05-20
7c82e2f0-03c6-4912-b15d-fecdcb92d6b1,df7dc627-f016-49e6-b1e5-c9262d2b59ae,-,,CJ Verdell,RB,,2024-05-20
7c981d41-a739-4685-b86b-da6a035c61c1,22a93380-5073-443e-b80a-8bb1053ebba2,-,,Gee Scott,TE,,2024-05-20
7cab4326-59fa-46eb-83ad-96d545853cb5,cab692ff-e513-4535-82b7-9b534c56c0c2,-,,Isaac Whitney,WR,,2024-05-20
7d312142-d82b-4614-ac33-e593b02cef83,1b1876c0-21fc-4786-9c81-796dcce39265,-,,Russell Gage,WR,TB,2024-05-20
7d53ec15-d171-4979-be93-56c0486a352b,3dd4db68-6e89-45e2-a95e-c5a1edfe7576,-,,Grant Gunnell,QB,,2024-05-20
7da118f6-2644-44fa-a62d-69595053cf8b,2086b60d-00d0-4267-b0b7-7afa903902b4,-,,MyCole Pruitt,TE,,2024-05-20
7dbd8b57-e039-4e7f-aecc-3c9f005d8ec1,04c6ee21-1c20-4db8-89b2-868fdee8581c,-,,Zack Kuntz,TE,NYJ,2024-05-20
7e038b43-f2e5-470a-8ead-9bb50caa7917,abbfc8f3-2503-4312-a001-3b79775bc2fa,-,,James Proche,WR,BAL,2024-05-20
7e0bd47d-fca4-4a2f-92a9-1be0350ca2a2,cf339165-9222-46df-85d0-9220482cc87a,-,,Reggie Begelton,WR,,2024-05-20
7e41e71d-54f6-45a3-8c9f-871be7001a52,7f40d3aa-2914-446b-a409-4cbe28134c5e,-,,James Morgan,QB,,2024-05-20
7e5aadab-6b1d-45c7-87d0-6818a79b57f6,ce654245-c0ef-4d73-8e7b-d21f6c6fcd63,-,,Hale Hentges,TE,,2024-05-20
7e7ed55f-2625-433d-8f1e-f5e5dc043ccc,c0467531-ea4f-4f5d-aa45-2e54c03d7fd6,-,,Jeremy Cox,RB,,2024-05-20
7eb8d6c3-bf2b-46ff-b422-8c975670c8b6,aadb491e-65ef-4866-b6f3-2b114b60acd1,-,,Riley Ridley,WR,,2024-05-20
7ec11358-9b8b-4cb4-8374-b59c361fc69f,faa44148-2ed2-4263-bbcd-c594eaf31adb,-,,Ethan Fernea,WR,IND,2024-05-20
7ec3ad58-ec4d-43dc-9c34-e61b983ddeee,4c059db9-f9b4-4d77-8af0-340db89446fc,-,,Austin Carr,WR,,2024-05-20
7f9382e6-1ce1-4dd8-b4af-95f1fc99fc4b,0c7e0ce9-014c-4666-a2f6-e636bdcb21ce,-,,AJ McCarron,QB,,2024-05-20
7fa7ef47-be4c-4da3-abab-66332edd7d85,1bc99426-b709-4eeb-bd36-cab96b6717e7,-,,Justin Johnson,TE,,2024-05-20
80b0e8cf-d3a9-4de5-9d34-788d1fef78f5,506a28be-3709-494b-9614-7aeaa5d96b5f,-,,Seth Williams,WR,JAX,2024-05-20
812570b6-fa05-4a76-ae7b-166433a2ddc0,c46eb1d9-e930-43b5-b7d3-9f6875278a5b,-,,Benny LeMay,RB,,2024-05-20
8183e703-34aa-4769-a41e-88b432d5916c,73cbe66a-097b-4cce-9f88-ab17ffeb6b46,-,,Trayveon Williams,RB,CIN,2024-05-20
819dc3d2-1db2-4d49-a69d-7cf42ebc9a03,99987fec-5052-472e-b583-d5af966a01a9,-,,Isaac Nauta,TE,,2024-05-20
81ed7e2f-e4da-431a-a0bf-22d676a48176,2bd715dd-60c2-4029-91c3-86612f929ae8,-,,Travis Benjamin,WR,,2024-05-20
82148fa3-d491-4fb3-a3fa-72a890ff4fa9,c26e64ed-4bb5-4c28-8eea-e4e309e53bdd,-,,Derek Wright,WR,CAR,2024-05-20
8246b134-096e-4250-bee4-05adc7657254,de55254a-2e34-4eb3-8bfc-4cb3482478ff,-,,Nick Ralston,RB,,2024-05-20
82d8b76c-db83-4322-8a52-bd7392e6e28c,ba1cf0fc-014e-496d-8187-caa9ed1e4b5f,-,,Adrian Killins,RB,,2024-05-20
82fc96be-0f26-4575-b7fb-5c60538e80f9,71ca79fe-82f3-406e-a964-c971c6c53eae,-,,Derrick Dillon,WR,,2024-05-20
8311a6a8-51cf-4d7b-91ca-20b75661308a,0a60caf0-d30f-4a44-975f-66da0ad829e0,-,,Austin Proehl,WR,,2024-05-20
8397a65e-69f9-4624-9422-a7a11bf20086,5f6afcd0-bdec-4e9f-b92b-ac47a1eea7d1,-,,Rashard Davis,WR,,2024-05-20
83b92c72-1e38-4884-88a6-5d55c9f17da7,509cba99-5fd4-45ed-8f58-1da803c312e8,-,,Rodney Williams,TE,PIT,2024-05-20
83c7b972-1ea9-4d7d-b9d1-58e536528337,3ec946ee-b46b-439d-9858-15b46ee19f19,-,,Tevin Coleman,RB,,2024-05-20
83d501aa-eb6b-4d3e-ad6f-25a474cbcf06,c0386234-0338-404c-b0a8-0a91b6acb691,-,,Slade Bolden,WR,,2024-05-20
84507039-d353-4f50-bfee-c45ea168d001,15dee1a7-71e1-4fc5-b460-97372d1778e6,-,,Seth DeValve,TE,,2024-05-20
8482a3c4-bbe5-4bee-b498-7f5c2b7b05ca,64000298-bb9e-4e24-a6f8-080ad8a389fe,-,,Jaleel Scott,WR,,2024-05-20
849c5b47-562f-4b73-8bc5-5d0fb73b728d,880cbb9f-25ac-4f36-848c-193975b93037,-,,Wendell Smallwood,RB,,2024-05-20
84b91afc-6234-4062-9bef-8cec46a29e92,d172c9b3-61f2-4221-b635-5ccc5c9d3cba,-,,Preston Williams,WR,CAR,2024-05-20
852380cf-7964-4d68-a8ba-b576126cae8e,8ecaee15-f29d-4703-80f6-97ba400ddf26,-,,Josh Ali,WR,ATL,2024-05-20
8527873c-00fa-4297-9dff-f4de0dc53f48,155ea6ba-e977-4977-ac54-74e2572480d8,-,,Sandro Platzgummer,RB,,2024-05-20
854f9234-5da8-4d8c-ac93-8e121a4bd06b,8bfd53b9-f4b9-4b7d-a420-bf8df4edb148,-,,Ihmir Smith-Marsette,WR,KC,2024-05-20
85c4fc8b-1e09-4f03-9e57-3ebae64c0388,6a9e2f12-0083-4ac3-abf0-3b5a6b4857ae,-,,Freddie Swain,WR,MIA,2024-05-20
8648f026-0028-444b-9338-00ed758bf843,75b9a5f3-1825-4653-8a8d-28d114adc1f3,-,,Nathan Peterman,QB,CHI,2024-05-20
8652dba1-c669-45a4-8f02-ad993c10d94e,0f046612-9f5e-406b-8054-07a22c5065b3,-,,Sam James,WR,,2024-05-20
86548a6d-6bc6-4635-a6f8-2ccb324b213a,939763bb-810a-4e78-b122-9efc1d403e1a,-,,Julian Edelman,WR,,2024-05-20
86a07ee3-6c06-4146-866a-26c69a8fabb4,d7b09209-59e6-471a-9876-7912c6633bca,-,,Tavion Thomas,RB,,2024-05-20
86a32fb6-0db5-4706-97fc-d8e155024021,4815d59e-4f5f-4641-a199-11154721e945,-,,Tre Nixon,WR,NE,2024-05-20
86ca4f78-f025-4b23-affd-009a5fd51f22,3c1818c4-9616-4f98-8e15-3ada6ca45f1a,-,,Keke Coutee,WR,,2024-05-20
877cb613-339b-4d08-9099-0bf6fbb02b01,632a3a98-98df-4e81-9fe3-21edc0bae5fc,-,,DeAndrew White,WR,,2024-05-20
879367e1-9793-4739-aec1-207737274b69,47b54337-699a-4a29-bc6c-7010673d3773,-,,Tom Kennedy,WR,DET,2024-05-20
87da45a4-0cf9-44e4-91c3-48d34a1870ff,39b8a35a-030a-40c5-9250-53daa99e3a39,-,,Quincy Adeboyejo,WR,,2024-05-20
87e3ad08-2029-4add-9c55-19a65e304ecc,8ef185ba-aecc-49dd-894e-a0d430fecd10,-,,T.J. Vasher,WR,,2024-05-20
88166d8d-925a-469e-a7e5-b415fc856dae,8d37e6fd-0881-4a12-8065-1b856d2c5138,-,,Jalen Morton,QB,,2024-05-20
885f2173-4a76-4a3e-816d-cf59400b1acd,394ad9f9-04f4-4239-acf1-e0dc356864b7,-,,Da'Mari Scott,WR,,2024-05-20
891d08bc-ddb3-4bf4-a43b-a4b78889f6ce,d457878e-59a9-4ca2-bf2c-68c5003f174e,-,,Krishawn Hogan,WR,,2024-05-20
8920a0b8-9ab3-4f68-a93a-d54977383e7a,f14d1ac6-fbab-428c-9c4a-fe24d4ecb2e0,-,,Josh Gordon,WR,,2024-05-20
89771a7f-109f-4d64-9fb5-f46f36fa248a,5d5a1f81-59a3-4adb-8144-c19c89214c0c,-,,Snoop Conner,RB,JAX,2024-05-20
8994d9ad-e156-42ce-b58c-2b6090608496,85185999-3c38-42ea-993d-4dc3c7f8db7f,-,,Khalil Tate,WR,,2024-05-20
8a0e16f5-49f2-429e-a85e-8bf84a95fcee,7a0ab36e-fb37-4ccb-a0cc-631708972942,-,,Damien Harris,RB,BUF,2024-05-20
8a3411e5-fadd-4294-ac09-2d103c304a3b,2661db39-de6d-42b4-9caa-5e1514bd3405,-,,Marquez Stevenson,WR,CLE,2024-05-20
8a91d928-fe68-4e0a-89c3-d63958d373bc,7d6efeaf-e52e-4a2a-8b6e-ccfe86c89d5e,-,,Darrel Williams,RB,,2024-05-20
8b169885-09ec-4745-857e-f2d57909514e,b030ee61-d44b-4cb7-976a-2b2d8885befd,-,,Nate McCrary,RB,CLE,2024-05-20
8b6cd0b0-84a3-4c74-98d5-201e46d27d1c,cc9b1c50-4b72-4129-ae9a-2efa6bd79fdf,-,,Jeff Driskel,QB,ARI,2024-05-20
8b8d4f3c-31ef-4c74-aa6d-976c7362295c,0fb5d2c5-ab63-490d-8958-843db869f8cb,-,,Shaun Shivers,RB,,2024-05-20
8be7ff9d-1ba6-44b2-bc01-4fe578d1c076,080237bb-9677-46f3-b415-81715ef9ca3b,-,,Bryant Koback,RB,,2024-05-20
8c144a91-8a86-4806-a4bb-1166270b9684,9e23d558-3411-4437-be99-b993b7938eef,-,,Nick Eubanks,TE,,2024-05-20
8c678ee8-aeb3-4ac2-a062-768f65d91116,597885c6-4a12-4601-aedc-6b63041c15dd,-,,Deon Yelder,TE,,2024-05-20
8d145248-69c3-45e9-a584-80453891e2a4,3e5b4a8f-5c87-46ee-bbe4-c3df642ee23b,-,,Nick Muse,TE,MIN,2024-05-20
8d299200-4493-40e5-9335-d307bdd3c4c5,19fd0078-4232-4ffd-bcad-401d64578b97,-,,Riley Lees,WR,,2024-05-20
8d9b64b6-e3cd-4c26-a87e-5f6e940246c3,6dd9a8c7-1d2b-4991-8b81-ab3515a5f7fd,-,,John Ursua,WR,,2024-05-20
8dbac7ad-fcc7-4193-897d-f4c767c28c2c,b6738eb7-8147-4d48-bf49-b310efca1479,-,,Deontez Alexander,WR,,2024-05-20
8dca1e5c-4061-47bf-a146-deb57bc80f7d,3a21abc7-ee3b-4ff1-8931-b26d866754a1,-,,Ryan Griffin,QB,,2024-05-20
8e455b00-ebd5-4940-9ef5-1e1af9100efb,4d649380-c666-4bb8-aef3-6c893f741e48,-,,Dominick Blaylock,WR,,2024-05-20
8e8fbd52-893a-4f63-8f68-ce0df0b5da88,5e4aad4b-1f05-47c8-bd0f-20c11f944bea,-,,Devine Ozigbo,RB,,2024-05-20
8f29fca1-27ae-490e-ae07-e12002f73229,34e94f95-5566-4fa5-80bf-b530f6b1ec1c,-,,Cody Hollister,WR,TEN,2024-05-20
8fd9a7b7-38bb-448e-88d9-45210adea010,fb5d8907-94fd-4f86-b0d3-ddc2158fa1f1,-,,Patrick Carr,RB,,2024-05-20
8fe75da8-955e-42b0-8053-05814a8de0ff,2ceefe98-832b-42b3-9edf-f3761d8f03b1,-,,Jakeem Grant,WR,CLE,2024-05-20
8ff825af-ab8c-47e2-b7b9-d7aa1df15240,cf433a38-927f-4594-bfb7-171fe898aed7,-,,Jordan Scarlett,RB,,2024-05-20
90177404-5968-48f9-b7a9-e0ce8b767b26,f8d1ae78-7bbe-40f4-9b24-a5f384de240e,-,,Leonard Fournette,RB,,2024-05-20
901cfffc-e6d1-4b61-bcd2-869066a59220,22db4d4c-a108-4be7-96fb-b7e8511ac326,-,,Joe Webb,QB,,2024-05-20
906fc4fc-6fba-496c-ae55-24fd981fb172,47d66d75-6983-4038-a54c-c81b9db1f9b9,-,,Davion Davis,WR,,2024-05-20
907401a2-d0c1-45d8-b15c-67e28f7b6df1,88b26c46-5cf9-4499-a73c-11bd135a3d00,-,,Brandon Lewis,WR,,2024-05-20
90813479-cb09-4691-af15-358aa8410353,1e21d975-86cd-4ec5-a056-e5bff2b6556d,-,,Josh Pederson,TE,,2024-05-20
909aa54c-08df-43fb-b7c0-087f2915980e,ed324a87-7f49-4beb-bdd8-43f9e0411081,-,,Thomas Greaney,TE,,2024-05-20
912e889c-7410-45f6-913e-5136499b8103,5f1b36de-f199-4398-baa3-d67458035896,-,,Chris Blair,WR,,2024-05-20
914722eb-addc-426b-80ce-d09ba03cbe44,8ce51378-9235-499a-a1df-c4d3fcbec82b,-,,Kenny Stills,WR,,2024-05-20
9158394e-2ed0-40fb-8f0a-7fac13ef107f,c5d0be73-4304-4ab4-b4a2-b7a9cba329aa,-,,SaRodorick Thompson,RB,NO,2024-05-20
917c6b82-74f4-4de5-97de-795ff0f7bde8,ef66818f-76fa-457c-b5e1-24fb361be3d3,-,,Giovanni Ricci,TE,CAR,2024-05-20
91ef2138-6f52-4ef0-8850-c0f24905a8a3,fa5d3daf-e9c9-4f1b-ad98-385d0672da5d,-,,Joe Reed,WR,CHI,2024-05-20
9279d4ae-280e-41e0-b104-ffd9ae70354d,6ab0b134-baa8-4c22-8cea-a3c95d06f5a7,-,,N'Keal Harry,WR,,2024-05-20
92b21fd0-f5ea-4d5b-8d07-609736479c86,fc4474e1-fb35-416b-890c-4ca1de17d792,-,,Matt Breida,RB,NYG,2024-05-20
92de3ccd-f826-4b3a-aa5f-b10ee7d946e6,762d6ec0-ac96-4d34-95ae-69511a1d6654,-,,Christian Wade,RB,,2024-05-20
931aa32f-d3a6-4825-a47c-9d1034eb13d8,104a0ac7-050c-4789-b606-8f35704cfa92,-,,Jordan Veasy,WR,,2024-05-20
93217506-892f-4daa-9157-e8262843979b,b5efbb0d-f533-429b-8362-ad7fee26f621,-,,Giovani Bernard,RB,,2024-05-20
93ada7a4-4481-4022-b858-3d1b55883ea5,66089393-f3d1-4720-8763-87e0ddb206d0,-,,Shane Buechele,QB,KC,2024-05-20
93bb12b9-9910-478f-beab-2d3ef4b2380f,388ddf77-e2af-4540-b4af-a718f0124e6e,-,,Breshad Perriman,WR,,2024-05-20
93c50c42-f805-44b7-a0b3-694c19d8dc24,d0686cf5-e910-4d32-9ac7-0437fa011f6e,-,,Raleigh Webb,WR,NE,2024-05-20
93ce443a-08c4-4665-9119-0e8a783dfaba,0586ffe4-01d6-44ac-964f-61e38d0cb788,-,,Matt Moore,QB,,2024-05-20
93d621b3-6768-4ee0-9ae8-1c35a9e38218,2d7362a4-246e-44a1-bc8a-97670b059ea5,-,,Reggie Gilliam,FB,BUF,2024-05-20
94092bf1-7f6c-4d79-b882-512970ce2dba,d13af863-134c-4fbd-8ca3-7d1793165523,-,,William Fuller,WR,,2024-05-20
943c034c-fd8b-4e2d-af57-c3bd228465e5,e9e04cce-92fc-4eff-8ff7-300c573e888b,-,,Sewo Olonilua,FB,,2024-05-20
947c0314-eaef-414c-9349-9090b3a674c3,15c150c0-eeb8-4228-b98b-391a20464ef7,-,,Eric Tomlinson,TE,,2024-05-20
94d8e0d0-6451-4789-9954-9c918231e633,66757d17-9af6-4678-9309-4c000c7605fd,-,,James White,RB,,2024-05-20
952de69c-f88f-440f-836d-d96193874a52,ce422a7c-2ab7-4b92-8cd4-c3d27eff095c,-,,Montrell Washington,WR,DEN,2024-05-20
9538edf7-0bcb-4198-ba9d-1d3e77d2ef0b,89df30bd-792e-4b04-8bd0-186ad6f9083f,-,,CJ Marable,RB,,2024-05-20
958d4bb3-b626-422e-adf9-1805d3b77897,559fb1ff-7e0b-4df7-962f-aa251be64069,-,,Hunter Long,TE,LAR,2024-05-20
95c3c2a1-3848-43b0-b8f3-0edaec6d4e87,94f312ef-5cc2-4a88-8ab2-2dc72bce0016,-,,Scooter Harrington,TE,,2024-05-20
95cad5f7-c1f2-4b1e-a17b-28d53b0ab919,4d2d7c22-b838-47f0-a851-dcb180deeae2,-,,Stephen Guidry,WR,,2024-05-20
96904c59-99bb-4f8e-a68e-b31d5867705e,a2f07f38-3b20-4634-85e0-3555d53f6109,-,,Ryan Nall,FB,,2024-05-20
96b4fdfc-8be9-43db-b1a7-ef75632ab700,9e82aada-d451-4372-a6b5-e2ad1b660c13,-,,Tommy Stevens,QB,,2024-05-20
96e7dbc4-194d-48a6-a43e-754a62ecc2ec,49dbda1b-e5e0-4dbc-8af7-b261e189cd4c,-,,Devontres Dukes,WR,,2024-05-20
97265534-1883-40d8-9341-26591c2bfd55,dbed945d-ade5-4825-b11a-aee4480b08b8,-,,Keytaon Thompson,WR,,2024-05-20
9751c1ed-2958-4bc6-a54b-3a737b19b55b,40a0b4c8-dc5c-411e-ab19-a66b2045805e,-,,Darius Anderson,RB,,2024-05-20
97755b9a-4764-4d4e-aea4-324000f6b0a4,a8cfff83-1b9b-446a-ae50-1327b5aafd8d,-,,Jahleel Billingsley,TE,,2024-05-20
97e1ce40-8eda-4f6f-b98c-f974b86ac19d,bcac0af9-edb1-4fd2-b884-dd9202fccfca,-,,Justin Jackson,RB,,2024-05-20
9806defa-c9a5-4e17-ae1f-65f47ea34d73,f5145b5c-2bfc-45ed-88b2-6b6686613a71,-,,Darece Roberson,WR,,2024-05-20
9829e611-437b-4f9b-aebe-b004f1db5da6,16a2ee63-f303-4a88-9bb3-1249f2049e89,-,,Tommy Hudson,TE,,2024-05-20
9832cc4c-1c39-4c34-a738-3c798d63711b,464c8809-a7c3-49ff-91bc-4a1fb29db67c,-,,De'Mornay Pierson-El,WR,,2024-05-20
98642818-5783-4c8c-81c9-07bb23e6a1c6,abc11d92-139b-44ab-9a8d-52e6972676f2,-,,Sammy Watkins,WR,,2024-05-20
995b8f33-d967-44ac-b5a2-22861a6bad05,d51a3669-cfad-4ea2-be99-dac80bc27f97,-,,Kyle Rudolph,TE,,2024-05-20
99607872-c6da-42a6-ade0-51a7e315da6f,2f22d49d-f371-4194-8dee-b5f515f0dab5,-,,Garrett Griffin,TE,,2024-05-20
9964dae5-9b84-4b47-a5d7-88dceecd8c9d,5a90c629-0eac-42fd-bfce-1cb7e8021c72,-,,Andrew Ogletree,TE,IND,2024-05-20
996a6b6a-1d0f-4197-b2be-78af685e9428,28155d07-5ab8-4a00-9538-614fedb59520,-,,Jaylon Robinson,WR,,2024-05-20
998df34f-fdd3-4838-ab75-24c39afc1024,1406dfab-cd2c-4136-8b6d-943bcb6eb6e2,-,,Josh Johnson,RB,,2024-05-20
99ede365-770b-4ba6-b76a-925248d0e2f7,4c89d458-bc5c-4117-ae56-b1c63e06c0e8,-,,Mataeo Durant,RB,,2024-05-20
9a0b75a1-d39d-4ec3-b8f9-7d163594e07a,1cae7ba6-6dd9-405d-9dd8-d40a6be294a5,-,,Jacob Harris,WR,LAR,2024-05-20
9a7946b7-175d-4bae-a34a-9aee10d7e84e,55c880e6-7377-4b00-90d2-cb52291637e3,-,,C.J. Johnson,WR,,2024-05-20
9a966bc2-2725-47e6-a912-a4ab2c303b6a,6586cb42-ec9d-42fb-ad17-c258a13e9574,-,,J.D. McKissic,RB,,2024-05-20
9aeb966f-9530-47e2-beb5-1f762b301c22,22a7872b-250a-483e-ac62-c04b35290abc,-,,Devontae Booker,RB,,2024-05-20
9b1c1d0a-cb86-4c1a-984f-e27048aee04e,8b384832-21b2-4959-9ead-93d75e9c2e60,-,,Xazavian Valladay,RB,HOU,2024-05-20
9b69ec33-58e7-4ac3-ae94-47e03c3ba5e3,5a6023c0-55d0-49bd-9127-23f0e8016ddb,-,,Tim DeMorat,QB,,2024-05-20
9b6aac02-201f-45ab-9b3c-b542d9148700,ac04aaa9-0de8-4c2c-a052-5c0c949f9a7a,-,,Ryan Tannehill,QB,TEN,2024-05-20
9b9e5461-8687-4984-8eae-f02dbac08fdb,685aaeb8-9d0b-4823-92cb-bff8cec67076,-,,JJ Howland,TE,,2024-05-20
9ba19240-7cfd-4602-b1cd-bf001c3a46ad,2f3baf40-64db-4430-8c98-5254eadda3fc,-,,Antony Auclair,TE,,2024-05-20
9bc2e991-4df4-4460-91d0-facaa6c921dd,ea901977-9600-4980-94b1-0b62e5fc5bb8,-,,Chandler Cox,FB,,2024-05-20
9c0b5d6d-c850-4900-811b-c2fda873639e,4fe4229c-8b99-4c84-b491-e2f3158feb95,-,,Isaiah Weston,WR,CLE,2024-05-20
9c0c0a3f-3b0f-49d7-8011-db8856909989,89470af6-4274-4b11-9633-bb2aa63ca322,-,,Levine Toilolo,TE,,2024-05-20
9c61317a-21a1-4e56-9c7a-30f533908683,6fd7f2d3-4fbf-4bc9-bd92-44d72bf8b1c1,-,,Logan Thomas,TE,WAS,2024-05-20
9cdd2f84-c55f-4dc1-b6f6-6ca6af433804,7d98024b-b763-4b57-98d7-9425298dd799,-,,Virgil Green,TE,,2024-05-20
9d015556-876c-4488-920d-bcc5675484c8,951dec08-9612-4865-b891-692e753e0a91,-,,Tommy Sweeney,TE,NYG,2024-05-20
9d068990-5ac7-433a-af48-b7a9f7760a28,b7d416d6-72cb-479b-a85e-50acd6974a6f,-,,Johnnie Dixon,WR,,2024-05-20
9d09850b-bad9-4049-a8b3-ebdf3ff02ec6,57f41372-9fd8-4329-841e-ec428d687c6b,-,,Tavon Austin,WR,,2024-05-20
9d3dd6ac-8752-4de8-9b94-740ef7c0279c,28f5facb-97d5-4d34-bab0-460f59594744,-,,Danny Davis,WR,,2024-05-20
9dc1ac7d-b3cc-466a-8aac-9bdef1fecb14,9da7ac8c-96a8-454c-9454-cc507e2c6d84,-,,Max Borghi,RB,,2024-05-20
9e1115f9-da7f-4236-bc4c-a1edd15eb70b,c279c8d0-18b9-415d-8c6f-36d15878eed6,-,,Parker Hesse,TE,ATL,2024-05-20
9ef2d671-c1d6-4844-bded-e6f21461c172,c95f6009-5c56-4f02-af92-8d24cf0e4b8d,-,,Robert Foster,WR,,2024-05-20
9efd48fd-54d6-4131-8682-f96704388363,c1dcc723-496d-472b-a5e9-657d510fe389,-,,Ty'Son Williams,RB,ARI,2024-05-20
9f04433f-e1bf-4024-9e33-a5f757d308c9,038298fe-1fd7-4c88-9e8a-1030c48b0786,-,,Clive Walford,TE,,2024-05-20
9ff6a4e3-9eb3-4437-b6e4-37f4583dc278,164c7dda-98b5-4098-9f5a-afb2f622935b,-,,Anthony Firkser,TE,,2024-05-20
a004d5fa-00c2-4295-a78f-e613e8f2f9ac,0b862f9f-760e-495c-ba58-264eff79928c,-,,Ty Fryfogle,WR,KC,2024-05-20
a044647d-b631-4290-9905-2ff1109d22df,fcf02ad2-d121-4ad4-a4f3-11286442cebd,-,,Bailey Gaither,WR,,2024-05-20
a0660798-30f4-454d-9840-05a208c06c5a,2bcbe42e-7957-453c-bf51-be5bac515383,-,,Gerrit Prince,TE,JAX,2024-05-20
a072eb66-65b4-4ec4-9316-2f85fb138169,400c7dbb-d0bc-452c-8c58-623319e3d597,-,,Alex Tanney,QB,,2024-05-20
a0db6eba-47b3-485d-bf72-313ae488e82c,aa902044-d671-4534-a5fc-e1261595e7f7,-,,Nick Guggemos,TE,GB,2024-05-20
a0e7e9be-f1c5-4e89-af61-48462693f62f,96040d05-8b75-4b42-8bc5-a6623f0da639,-,,Kendric Pryor,WR,JAX,2024-05-20
a121648e-516f-4e03-9990-a178fdc0c0c1,831ec2b5-84b8-45c7-8da5-1cc8f4ee1500,-,,Mitchell Wilcox,TE,,2024-05-20
a13a5d11-0d72-4b5e-bdf2-71937ee80767,5b9b311c-7f40-4096-9e94-c5e608a5b9af,-,,Austin Allen,TE,GB,2024-05-20
a19fa13e-2c59-4279-beab-426ea25f6036,9b47db2f-b03f-4e6a-8c34-109961413742,-,,Brandon Smith,WR,,2024-05-20
a1a6a609-9716-4dff-ab24-86a6bfd6faf2,df150a57-30c7-41d8-8f14-77c40cd38fd9,-,,Andre Baccellia,WR,ARI,2024-05-20
a1b7a247-4827-4a3f-87a3-0a7f610ed42f,ad8ac510-e3de-4892-9572-171165ae82b9,-,,Feleipe Franks,TE,ATL,2024-05-20
a249c3b2-c4b7-4551-8a45-b633e5cc3fbf,33d87719-7107-42e2-9be3-0e442899adf4,-,,Matt Colburn,RB,,2024-05-20
a2915225-d017-4c0e-abc7-552874c4435f,503550a9-693d-49d1-b34a-7817022467b4,-,,Dontrelle Inman,WR,,2024-05-20
a2c4ad41-098d-45a6-b3ef-a37c6a3eefdf,b9d190b6-0160-4c77-8ebe-cca2e6f1ca22,-,,Baylor Cupp,TE,,2024-05-20
a2d418e3-0e36-44e5-9229-d6daf28aaccb,9a5f030e-a843-4a54-87aa-4a08fe407401,-,,Theo Riddick,RB,,2024-05-20
a2ea5921-560c-49b4-baad-ea92e93f57df,78104491-9f09-4990-921f-3a488ca77821,-,,Xavier Williams,WR,,2024-05-20
a2f7238b-e6ae-48f0-829d-57c54cd0cb28,9e082a3a-2c05-429b-87e6-1e82aad90194,-,,David Fluellen,RB,,2024-05-20
a345dcf9-dd3f-406d-8db8-0a78d0d6668e,3fcdf736-9272-4e4f-bbf7-57269a23da38,-,,Xavier Jones,RB,,2024-05-20
a36ceefd-efb5-4b5f-8709-a3aa1dcb4ab5,36a7b2f6-c4b9-41f0-8dc1-247c5823a3c7,-,,Jester Weah,WR,,2024-05-20
a3b69857-2198-4790-b92e-a48269e12bab,be90c741-771b-40c9-892f-34fcfdc46163,-,,Jack Coan,QB,,2024-05-20
a40228e6-c0a8-417d-873a-c8ab0a212622,c8a81085-8680-4e06-8ec8-3fa3f8ffbb6a,-,,Chris Rowland,WR,,2024-05-20
a4642fda-5057-4a24-a8e0-698699fdbbc2,1628ea3b-1889-452e-aebe-e9b8ae69435b,-,,T.J. Pledger,RB,,2024-05-20
a4cee258-3110-401b-aae6-384ec04521fd,14895e9e-4959-43a0-8503-511655b9f501,-,,Tony Poljan,TE,,2024-05-20
a4d02eba-e4df-4348-92f8-c8176360bd43,b2d4b20f-601c-4f90-afb1-09f584c97119,-,,Manasseh Bailey,WR,,2024-05-20
a4d5f5e5-36a4-4dc7-adf8-1211de8f44c5,0b8b6a7d-e148-4c7b-8605-77a29384c991,-,,DeSean Jackson,WR,,2024-05-20
a53c181f-ba05-4a1e-a73e-3dd82f5b0320,ea2596f7-2bfa-48b5-8b79-91d14fec34f1,-,,Nathan Rourke,QB,JAX,2024-05-20
a6217089-184f-42ab-8785-124fe05c7a3d,61e751b2-ed75-46b6-9cc1-8cd44c830194,-,,Teagan Quitoriano,TE,HOU,2024-05-20
a625784b-f204-4a53-a41e-a9beea49e38b,19d6019b-fdcb-403f-9fef-d6b7146855b6,-,,Ricky Person,RB,,2024-05-20
a6259984-c582-4fa1-9f78-b6cbd501393e,5eecd2ec-ed9b-42c9-8961-dff74dc889a5,-,,Jason Huntley,RB,PIT,2024-05-20
a6b8cd68-ef23-40fe-95c1-481ed481529c,d3d82490-0f40-4c85-96c2-7abfc05b403f,-,,Cole Kelley,QB,,2024-05-20
a6d4eb10-4516-4312-bfdd-97282b9e5fc3,f85d8530-22ad-435e-8f90-772980171866,-,,Kalija Lipscomb,WR,,2024-05-20
a6e6decb-7d6d-482c-8db7-e53a8ef705ca,889339e2-8dee-4e20-87b1-c54b9ec95a9b,-,,Drew Stanton,QB,,2024-05-20
a70001eb-4b54-46b4-bf0c-d0adef673eab,9fb7e358-4d5e-4cc2-b7c6-857e35f9a5d6,-,,Ben Beise,TE,,2024-05-20
a75adc16-007d-4cdb-b516-b1b44c3e1b09,c7d5934d-cd97-487c-b3ed-8badcce9b9b6,-,,Derrius Guice,RB,,2024-05-20
a77955fd-b1dd-4c07-9cbb-4135ec0ad48e,c5cf0c33-7db2-41de-82f9-4f32e22a8752,-,,Paul Quessenberry,FB,,2024-05-20
a78edf05-3776-4f5c-a2fe-41e2177b88d3,afdb4f67-7c66-4d78-9771-0989ccbe7f3b,-,,Trinity Benson,WR,DET,2024-05-20
a7f80c07-d403-41b9-b312-daf9d160492b,4a3cc660-ccfa-4c16-ae3a-80c964c511ff,-,,LeSean McCoy,RB,,2024-05-20
a80b868b-abd5-4eb1-9531-5927e62b594a,0dfbc5f1-ad18-4996-ad78-ce1d032d130b,-,,Braylon Sanders,WR,MIA,2024-05-20
a870bf84-c735-4de1-a4bb-ae51c65a2b67,82ad0764-47cd-4497-b192-6d43fb8af08f,-,,Dontay Demus,WR,,2024-05-20
a8e4671a-29c1-4e6f-b8c2-697a7cb6218e,5fb8e76e-0b73-4242-9a91-31a3e6bb0d50,-,,Dontario Drummond,WR,DAL,2024-05-20
a9200609-c00e-407b-9175-35c3436ffe1f,823c8c18-6ea2-4d4d-af71-5c4ba581c38f,-,,Collin Johnson,WR,NYG,2024-05-20
a9ade094-abc5-411f-bb7c-8c0b64d3b15a,d35a9d94-a8b8-4cf3-9ac6-88c81f5a0e69,-,,Mike Weber,RB,,2024-05-20
a9dfc8f3-ed43-4434-91d5-6e1880e695ff,f4414b00-6ea6-4804-b8cf-df2a5de64ae8,-,,Keith Kirkwood,WR,NO,2024-05-20
a9eee0b2-a50e-45b7-a195-a4aee46a1e99,954bc8e1-c4ab-43c2-a533-fc59a4b6f551,-,,Noah Gindorff,TE,SEA,2024-05-20
aa7d7670-31f6-446b-b679-f87814f3593d,f875617a-a6f6-4e73-a1bd-1cbec6a368da,-,,Jalen Camp,WR,HOU,2024-05-20
ab0b9194-b45b-4035-bfb9-756dc0c52389,9b54b933-45d1-4601-ad8f-4bcc5bad54f0,-,,Artayvious Lynn,TE,,2024-05-20
ab0e6eb2-ecde-4197-9057-c1c1fa6cb2bd,e285720d-2bed-4675-99d3-3bfab5498fea,-,,Denzel Mims,WR,NYJ,2024-05-20
ab5360ab-5ea1-4070-b34e-09d6f86009ab,a0ea3dc3-d0cc-4f6e-893c-587168610109,-,,Jeremiah Haydel,WR,,2024-05-20
ab7e6fc1-67d1-464e-820e-03726d9a4166,6d6b6813-59c3-4bd5-8688-b16e97ddd9eb,-,,Mike Davis,RB,,2024-05-20
ab8c766a-7f93-40fa-a5c6-e90a7c79c191,7431ac9e-a62f-4721-834e-a9327e2f8797,-,,Paul Richardson,WR,,2024-05-20
aba076e1-c68e-4f2f-b0b9-7c11ddd52015,88f49e7b-9a9b-46fb-8a5e-e86b861d4796,-,,John FitzPatrick,TE,ATL,2024-05-20
abc8b4f7-5ee9-477d-b5dc-9ddb2839fb11,5327d273-a03e-4305-9f77-e92292dbd1cd,-,,Mike Harley,WR,CLE,2024-05-20
ac4314d0-6e6d-4431-9502-8debda7f8261,6ed04592-a4ef-4492-9277-167454200a02,-,,Alfred Morris,RB,,2024-05-20
ac43ffef-4bfa-4967-b4d0-f75dc57d7ba4,5a06a364-0c19-4cc5-be0d-f6ed33db9b30,-,,Mike Boone,RB,HOU,2024-05-20
acb90914-437d-4bdb-a4fa-0b7957645c68,3d1bf14c-1b6b-45d0-8716-925516ed8bf8,-,,Corey Rucker,WR,,2024-05-20
acc18f40-5427-4f72-82c8-98c160efcb6e,ca6bc5c7-57c5-4b33-88f3-651d0b16ee91,-,,Javian Hawkins,RB,,2024-05-20
ad047c10-3877-4257-8c3d-c1c2b1dc99c0,ff84664b-1118-41f6-8140-8a2c67ed4077,-,,Kalen Ballage,RB,,2024-05-20
ad267686-48ac-4c35-9096-a6fae028c29f,c35897ed-2889-46f3-9aec-64e524a3c694,-,,Dwayne Washington,RB,NO,2024-05-20
ad6fef46-65a7-421a-8538-d909891290a5,4249eca7-1da3-43d8-ba3c-8aac0f4157f6,-,,Ryan McDaniel,WR,,2024-05-20
ad8b4635-fd6e-4278-9a4b-416a6dc1a939,30a647e6-1946-47e9-a999-c15dca0572b0,-,,Cameron Batson,WR,,2024-05-20
ad8f7996-2548-4bad-b014-7dd7d45dddee,a1a5134e-4147-4e1e-bc4e-fa09bda99277,-,,Xavier Grimble,TE,,2024-05-20
adde815c-5b5f-46fa-8694-0b8a8558070f,c77d6d5b-d3e3-4965-add0-d44f13603a55,-,,De'Lance Turner,RB,,2024-05-20
addfe9cc-f1a7-474c-a6b9-f6814c2cdfbb,e844b4c8-9e22-43a1-bcbe-72089908ae57,-,,Cody Core,WR,,2024-05-20
ae0bd20f-249c-4e1c-b0ed-b194d8d957cf,a26700df-5f0a-48e2-866d-362d83de2aa4,-,,Trevor Siemian,QB,,2024-05-20
aeaea211-e52c-43f6-8911-b41a465ced21,74eef4ea-af34-4e17-b888-cc70cf38abef,-,,Stevie Scott,RB,,2024-05-20
aec4b5d0-cda3-4332-8c98-ac5095a26628,418120e8-a672-4295-b537-c7bc5adc201f,-,,Karan Higdon,RB,,2024-05-20
aefbd2ac-c2cb-4947-b820-164b634203a3,078c2be9-969a-442a-b799-f5b5377d4811,-,,Jason Cabinda,FB,DET,2024-05-20
af008135-3b13-4ac2-84e5-73402ade1ccd,32cebe75-db45-4fc0-9ae1-a8274299ac36,-,,Tiyon Evans,RB,,2024-05-20
af59bc90-9817-4e12-abb6-b1833becb062,93968534-481d-4e81-b3a8-7a350617cf74,-,,Sean Shaw,WR,,2024-05-20
afb174a3-422a-4ab8-b621-0c8b6d6e3bf9,cfb45c6c-d0bc-406b-b2a4-16a205031087,-,,John Wolford,QB,LAR,2024-05-20
afedd98c-c10c-49bf-a6e4-24c0b5d59371,e407464e-16e5-4b49-9da2-92bb80784f84,-,,Tevin Jones,WR,,2024-05-20
b013032e-a723-44f6-9094-555ec8f7c4e9,8dc86f32-4465-472f-9646-358bcdd94701,-,,Tommylee Lewis,WR,,2024-05-20
b107e666-70ad-43fc-91eb-6991b6f3201b,95652101-b19a-4d49-b9e7-b0cafe70c3b3,-,,Ben DiNucci,QB,,2024-05-20
b1ea2dcc-36a8-4055-8383-fbeafe11ed74,bd3c4c0b-4e39-433d-beb2-552c2bfb2b8f,-,,Devlin Hodges,QB,,2024-05-20
b29bf118-c966-41f2-acca-f1903810110d,47c153d7-28c4-4a27-a31d-2668d2bd94fb,-,,Jordan Johnson,WR,,2024-05-20
b2e10035-8cc5-4db0-a5ba-5ea3e4c43c12,575785ec-d27a-4b99-ba9f-42dcd8b89185,-,,Trey Quinn,WR,,2024-05-20
b3109346-8f5f-4588-ad30-6f3fa8809db7,45033e00-c3c1-4e7d-969a-7e70ebfdbea3,-,,Garrett Groshek,FB,,2024-05-20
b3294eef-b24e-4242-bec7-77027e552720,1b367d91-fdd8-416d-a41f-222cb7321435,-,,Jaylen Samuels,RB,,2024-05-20
b3427c81-693a-46a4-bb2f-3691ee2b97eb,3548106c-c3d3-4682-bf8e-5b3a7d10756b,-,,Maxx Williams,TE,,2024-05-20
b36e0ad2-9414-40ba-9591-387b4cbe99a6,88eebded-b5be-4ba3-9348-a0ab756d2f4c,-,,John Franklin,WR,,2024-05-20
b3da98cb-2459-4d92-8d56-d8649ae7a5ac,74328466-c317-42a2-82fb-fcd6f0794859,-,,Grant DuBose,WR,GB,2024-05-20
b45170d1-dd58-43ab-a26d-8f2381915d0a,93f6aae9-d9e2-4784-bd8a-c6b639acb1d5,-,,Jordan Leggett,TE,,2024-05-20
b4acdf41-71a0-4d4f-98d6-caa67fb48e54,18098034-12b6-4037-9644-e42a6bdaed59,-,,Nick Bawden,FB,NYJ,2024-05-20
b4cd99ba-fc2d-4cdc-ad6e-ac63ef22e4dc,40359144-a3b9-40e1-b1cb-8e9a4d3994c6,-,,Lee Smith,TE,,2024-05-20
b502336d-e86e-4898-93b1-b55eb64acaea,d6551f8c-1644-42dc-8721-379e06078e9e,-,,Jordan Ta'amu,QB,,2024-05-20
b50c6fbb-9795-4086-8775-e6116484a985,a3ab3a74-8c3d-4b7f-ac68-db240aeb62c7,-,,JaTarvious Whitlow,RB,,2024-05-20
b51fe6d0-d341-480d-89d3-789f92a4b3d4,ed0b21cf-64a2-44b8-9d5f-442aed878ce6,-,,Noah Togiai,TE,ARI,2024-05-20
b531caa0-1536-4acf-9e03-1fcbf270358c,efc26b9a-4d41-4dc0-8425-7806c1f284d0,-,,Adam Shaheen,TE,,2024-05-20
b541d1ac-813f-4893-beb2-c83010c4dacb,1b3ca2cf-60cc-4eeb-adbe-61bdd0883384,-,,Ryan Becker,TE,,2024-05-20
b5b48cb3-964d-48c4-b5f2-f5e1be459e2f,2855b529-dddf-429a-9e10-ea062d0706cf,-,,Darrell Henderson,RB,,2024-05-20
b5b66e94-5323-4d93-a5db-78124b0fe8aa,85d4e37a-71a4-448c-a779-92be8a810ceb,-,,Michael Walker,WR,,2024-05-20
b5d3a9e3-a884-4063-9555-4b6b36355401,f66d75d8-0185-47e9-ad66-541bda7eb752,-,,Armani Rogers,TE,WAS,2024-05-20
b5df5b5c-ca5c-40d2-ade9-5a874c9d2821,35745477-761a-4375-9af6-566ad8cb8167,-,,Tre' McKitty,TE,LAC,2024-05-20
b628ac20-ad0d-4e6b-bd2e-806b0a0780d7,d6fede56-d742-4fa1-946d-7a8278e9e111,-,,Alexander Hollins,WR,,2024-05-20
b6a29a28-96e3-4c63-a4cf-2ccffa2d9c19,98594e34-fc0e-47c3-96c8-a8ba82a3d678,-,,Justin Hardy,WR,,2024-05-20
b6ae0987-4b65-41b3-8b31-cd027af9ce46,d5697918-d882-4cc2-9bf7-934b98b9329d,-,,Jeremy McNichols,RB,,2024-05-20
b6f316d6-467c-465f-9777-1bfe666670c4,266904de-a2a1-41e1-b965-a5f92d7c2dbb,-,,Damon Hazelton,WR,,2024-05-20
b743d227-767f-46d3-89b2-5452467f6dd8,22e1cbc7-c0e6-4369-be55-0b9a96246515,-,,Tay Martin,WR,SF,2024-05-20
b74f3f35-71d1-4d4d-b688-88eec4f6ec16,88c98e63-b82a-40bb-a73f-3803df551646,-,,Jadakis Bonds,WR,,2024-05-20
b7668180-0eae-48be-a95e-6ab792db1992,392bcba7-0d64-4324-a407-82ca0cc453a4,-,,Patrick Laird,RB,TB,2024-05-20
b7961a85-a57f-4e95-986e-0351b7193191,3cd29adf-71c5-4c78-8981-ac12e98f6060,-,,Andy Isabella,WR,BAL,2024-05-20
b7b1ce5b-ff6d-4794-af41-c94a1424faea,2bd1add2-a01f-46ad-99d3-f6e07c346b77,-,,Anthony Miller,WR,PIT,2024-05-20
b800d8a1-5327-4700-be40-7ee6eb8c0a8e,741d30fa-0b5d-46b1-a095-5f5fe3547266,-,,Kelvin Harmon,WR,,2024-05-20
b80486c6-05ae-4b3c-902d-fda68879f186,2647b1fa-7462-42f6-9c0c-7af8e832e27e,-,,Tim Boyle,QB,NYJ,2024-05-20
b80831c4-9adf-4113-8245-181487fdf568,f011d837-1cab-403c-8bca-51bc77f686ec,-,,Colton Dowell,WR,TEN,2024-05-20
b82cf328-242e-4a1a-a00d-9806eed115e2,8fe5fb02-b5f7-4b73-a89e-4b246cb3026b,-,,Jesper Horsted,TE,LV,2024-05-20
b831f480-0cef-4256-8297-7afa41981fc4,47654b75-cd56-45a3-89c4-a20b9e201676,-,,Benny Snell,RB,,2024-05-20
b839e620-5c4a-4bfd-8471-ba52af2e25cf,49f7cb7c-4189-45e4-850e-378edd08b32b,-,,Dylan Parham,TE,,2024-05-20
b85be84c-3f0b-42c6-bd73-077d63ad52f0,2a251dd5-d774-4df4-bf04-471ecc2e08ea,-,,Darren Fells,TE,,2024-05-20
b862b4ea-06e3-4215-b39a-0995943c4a1e,408e062d-bd2f-485d-a5ae-99c71f482912,-,,Brandon Peters,QB,,2024-05-20
b87989c5-ef41-4950-9acb-45d613f72b33,a9f6b720-1dc6-47e4-8217-714d4b47c829,-,,Hunter Bryant,TE,,2024-05-20
b88457a6-1c1e-43f2-8673-6e465855259b,a5b828e4-f1ea-4f9c-a95f-583e82eae5a2,-,,Jashaun Corbin,RB,NYG,2024-05-20
b898e929-4cb0-494c-ad3a-b2708e891fb2,c9d028e6-b508-49ec-b235-00b399afc15c,-,,Jamison Crowder,WR,NYG,2024-05-20
b8e190ce-b8dd-4ed2-90a6-1eeb428dad80,1e5bc54a-19dd-41dd-a09f-5122e88f259b,-,,Nakia Griffin-Stewart,TE,,2024-05-20
b8f919b3-f36e-4c5d-bb07-04879140ca1d,23a1285d-7c81-488e-a24c-cea3484f6892,-,,Ross Dwelley,TE,SF,2024-05-20
b9126147-1490-447f-8bc2-ab3fd283346b,fd63cfeb-b7fd-403b-955d-e3c5d6d3e6ba,-,,Ryan Willis,QB,,2024-05-20
b931c73a-3841-467d-affa-f414164b5a7e,4f935124-1c2c-48b0-90df-0c1eb9808213,-,,Jhamon Ausbon,WR,,2024-05-20
b9bece6c-8487-4fde-a8a9-771934e372b9,8e7c3cad-04f3-402c-bef8-fa4964cedad4,-,,Matt Schaub,QB,,2024-05-20
ba3b3eb0-f506-4925-b4ee-da476cfbf152,00236c94-bc78-4bd8-a239-ee3f138ef72f,-,,Matt Seybert,TE,,2024-05-20
ba50cc31-ee51-4397-8919-2b5256e00014,9a12fd37-2fd3-48fa-ab65-9aea6ab9f25a,-,,Michael Warren,RB,,2024-05-20
ba5da0d7-bde4-4383-aa2c-37419ae203a4,905831aa-db91-4d46-b87b-c48f922ae619,-,,Lawrence Cager,TE,NYG,2024-05-20
ba9804b9-4d74-48fb-bf56-21d1564a07e8,ee408b18-26d1-45e8-bad0-2e7811adb3e5,-,,Brian Hoyer,QB,LV,2024-05-20
bae5d06d-c976-46b1-b3cb-f5933911158e,6ec722bf-3f74-4875-8674-1a4bff765329,-,,Britain Covey,WR,PHI,2024-05-20
baea2fd9-ffcd-4151-a16c-5dd7ca46df35,b0e51840-b6ab-483b-ac11-8bd6a3e57bd6,-,,Kenny Golladay,WR,,2024-05-20
bafbea6b-9870-4f13-a90c-5d4d98590fe6,c38da2ed-0308-4721-9a8f-aba74b14f2e4,-,,Maurice Ffrench,WR,,2024-05-20
bafc6126-dfdb-45fd-b03a-7965fba9c33e,8bc11558-7c59-4578-8c40-f27f5f607548,-,,Marquez Callaway,WR,DEN,2024-05-20
bb249407-60bd-4118-a60d-0f867af6aba6,4e9c0945-c0c8-4314-a115-77158e9783cd,-,,Darvin Kidsy,WR,,2024-05-20
bb4b59c4-5952-4735-95ea-7ed0094dd344,6dc2ddaf-96cf-4886-9827-50a8d9203b59,-,,Jordan Reed,TE,,2024-05-20
bb4de6aa-d38e-40c2-bd11-a88e3fb6e11b,ce3321e3-e16f-4b7f-b9dd-85f72a0982d4,-,,Michael Jefferson,WR,,2024-05-20
bb71bc78-a73f-45e0-8fdf-f341d2b53269,3c0ddb87-1837-45ff-90c7-c03b90a7ed9b,-,,Javon Wims,WR,ARI,2024-05-20
bbbc838c-14f6-452f-8495-dbe855e1861d,3495206e-6d47-4221-adf7-953c540bfeb9,-,,Josh Hill,TE,,2024-05-20
bbccfd64-1246-4ae9-a502-6fb3f63e0017,7736b474-9b7b-4ed4-9c89-2ecd798e7d76,-,,Reid Sinnett,QB,,2024-05-20
bc700869-0627-4e49-9421-c8f33b9ab835,a4a3182e-b43a-417d-a8db-04ba9d09dd15,-,,Donte Moncrief,WR,,2024-05-20
bcd6ef48-da47-407d-b4d4-ef15c033f24e,e35abaca-9d3d-4d56-9a28-8c72eaa2edd6,-,,Rico Gafford,WR,,2024-05-20
bd18475e-5053-4e9e-8f54-341fd702c09d,bb180ad3-ba35-4014-8b96-97c76fd25601,-,,Khalfani Muhammad,RB,,2024-05-20
bd47e5dc-d99b-46d5-8810-b3815bd2a8ba,769c67ee-d1b2-4b54-8708-60b3e99e2f1b,-,,Zach Heins,TE,,2024-05-20
bd75b952-1213-4785-a00c-7901e9a50986,80e00c3f-9ebe-478e-be15-ad8812e1f536,-,,Branden Mack,WR,,2024-05-20
bdc313c8-8aee-4cc0-914c-3bf558c57485,e7281c6f-373d-4c5d-bcd2-ba6f42d5b9e2,-,,Bronson Kaufusi,TE,,2024-05-20
bdcd3425-761d-44fd-8f48-12481f894a7d,8c8810ec-5791-42f3-b746-6ce5b62d2bcd,-,,Johnny Holton,WR,,2024-05-20
be254836-b0c2-415f-95a7-b4ea4c3e5ec5,879086a0-f8eb-4692-9596-81d2d6391a0b,-,,David Blough,QB,ARI,2024-05-20
be665b06-13a1-40d6-ac80-3e9cb9157729,5f155641-2aa3-4159-9540-5776019aedad,-,,Cornell Powell,WR,KC,2024-05-20
be8e694d-2068-4206-a2b3-8ad5de5b1704,26c76465-b6f9-4fa0-bdb6-b67db282a76c,-,,Kalif Jackson,TE,,2024-05-20
be90005b-d96a-4c95-bac0-44851101ec2f,217def6f-e316-431b-a77f-bb126d26a5f6,-,,Daniel Helm,TE,,2024-05-20
bf19c5d9-5b55-4fa1-98f3-c43d34615ce0,666b86d1-65b7-4590-9f62-6b35ad53df3e,-,,Darion Clark,TE,,2024-05-20
bf5241f2-0d45-4034-9fe3-339d4ae82b07,b609acce-bba0-4503-812b-6c812f2e0057,-,,Demarkcus Bowman,RB,,2024-05-20
bf8632f6-2d5b-43e4-a757-8a7150d40082,34621403-6a8d-4669-a62e-811f74b91a13,-,,Elijah Holyfield,RB,CIN,2024-05-20
bfd7d83e-d1ab-4e14-af46-69eecd896b43,e21bee11-2c4e-490f-9c84-34344bb2ec49,-,,Lance Lenoir,WR,,2024-05-20
bff5303c-9862-4330-8b8c-257e5073115f,b93eaf91-c5a3-4a8b-ad58-35f8e5850814,-,,Marcell Ateman,WR,,2024-05-20
c04b4edb-9949-4e63-a31e-1a8ae313bfd4,3763793e-a9ef-4af2-b711-a3e597c68fee,-,,Zander Horvath,FB,LAC,2024-05-20
c05a36f3-88a5-4ba0-baf4-7a5e60730a94,b524d141-792b-40b0-b03f-5ba8b37d86be,-,,Trent Taylor,WR,CIN,2024-05-20
c0aa550a-1a9f-431f-add4-25d51a3e8636,6a4dfa5b-ea96-4ebb-a7b8-d56ebdd2e9ad,-,,Tyler Mabry,TE,SEA,2024-05-20
c19c0872-1526-41a7-9a48-13f41b377876,96b00db2-4d7b-4c8c-93bb-a5ab7ea6db6a,-,,Malik Taylor,WR,NYJ,2024-05-20
c1da2811-da4d-44ff-842b-666f1e1f4b38,0bbc3a68-3fb3-4de0-aed3-d70a92c656d3,-,,Julio Jones,WR,,2024-05-20
c2383c6f-9d8c-4e0a-ba98-afed97855930,09cb280b-7e4b-43f9-b742-07227972080f,-,,Khari Blasingame,FB,CHI,2024-05-20
c23e2d41-24e7-4a73-ad4e-eeb88f80c5c4,838aa010-8af1-4ecf-ad53-a4c0661f14ae,-,,Kurt Benkert,QB,,2024-05-20
c241211d-7e16-4433-a3f9-f2a646c131db,5a3d90f2-18c8-4616-85c3-042838230cbf,-,,Devin Asiasi,TE,CIN,2024-05-20
c287963d-d7b8-4e5e-b0b1-f96cf94f3def,93b69553-8d1b-4fc4-884e-6707e906ea8f,-,,Adrian Peterson,RB,,2024-05-20
c2bafd76-c1a3-450b-8ad4-2d25e3da64e8,4be2f471-413e-4aa8-b836-3d70fc5681cf,-,,Jacob Breeland,TE,,2024-05-20
c2c80203-eeb2-4966-9e6e-ff5541730c7a,53a6151f-1567-4516-9624-53c3d626e7f5,-,,Dalton Schoen,WR,,2024-05-20
c30c73e6-cbe2-4953-b903-efc2a91a3e58,7f460423-b0d4-4cf5-a8ac-b8ea0470aa35,-,,Emanuel Hall,WR,,2024-05-20
c33de491-398e-4ec8-8555-af66363d99f7,1118837e-8282-4c73-948e-d2d9b7b63746,-,,Chris Streveler,QB,NYJ,2024-05-20
c347b5fb-d891-40bc-908e-c6ef39986c9b,b4619664-8e49-4d0d-ae48-8358861bab95,-,,Kerrith Whyte,RB,,2024-05-20
c3ae9565-8209-410a-aa56-cd2e59ee87f0,e16df272-78bd-4718-b22a-851e4974e6ed,-,,Mason Schreck,TE,HOU,2024-05-20
c3dc8486-70ef-4073-9cb7-17e23862a9c6,d96d2e10-79d6-4ca8-bfb8-383a5a5d4510,-,,Pete Guerriero,RB,,2024-05-20
c417237e-8f01-4fdc-bf12-a263a8e1274f,cddcf4e5-5baf-4df6-80cc-ce34e55c046e,-,,Josh Babicz,TE,,2024-05-20
c41e8c56-248b-4bc7-9cc7-488ad16a3ca7,864c3345-8f8e-4531-b712-3a4a16bfac21,-,,Cyril Grayson,WR,,2024-05-20
c4416f5c-da5d-4222-b334-c598297af92d,3cd312d1-c8af-43d4-a565-3c6a9ca5fd96,-,,Davis Webb,QB,,2024-05-20
c44fb36e-f8dd-4062-b5d7-fa9787f678f3,b060c9c9-1a07-4344-9927-0398cb3a4b36,-,,Sony Michel,RB,,2024-05-20
c48f8fa5-b749-42a5-a373-ce4e504aee9b,8e6bee21-668f-49b7-9977-d33642677c76,-,,Jacob Copeland,WR,,2024-05-20
c49a6edd-fe2c-4a29-92cd-bf474ead08c9,7ea8e04f-238e-4597-89ea-e04ef219d947,-,,Stanley Berryhill,WR,DET,2024-05-20
c4a742d7-01e9-4897-9519-ea9755ebab11,2ba2fcf2-8763-42bb-9b8b-379a7939667b,-,,Thomas Hennigan,WR,,2024-05-20
c4d886e4-9c5f-4e67-bde8-aa8bf0d3f59e,f8bdbde8-afae-4a23-ac5b-231bd7eeeeab,-,,Dede Westbrook,WR,,2024-05-20
c59efd8b-2b74-45f4-9819-30b078cc79dc,a90af1c1-474d-4292-a8ce-f11117d9eed7,-,,Khari Lee,TE,,2024-05-20
c5b5abd9-baac-457b-b82a-9e88e5dfe58f,430c5015-b5ff-4aa1-b9ed-0be99af236d7,-,,Andy Janovich,FB,,2024-05-20
c5e55302-0de3-499b-ae36-6e1f85c6d616,252d5fc0-fa09-4942-9de4-8cbe4cc43c1f,-,,Steven Sims,WR,HOU,2024-05-20
c6657a00-b901-43bb-bedb-79a439cd9a13,fa8107ca-2809-4452-810d-81a0c1d49513,-,,DJ Turner,WR,LV,2024-05-20
c665df39-fdac-4422-a60e-0dcbcc03322b,b7c5ae6a-e2fa-4cdd-b1cc-82e109cf1b96,-,,Tanner Gentry,WR,,2024-05-20
c68d79a2-3009-4cbe-afc5-9f3891530dd9,03ab24d3-6ea1-4858-b22e-640d69fe9648,-,,Abram Smith,RB,,2024-05-20
c6b330ab-6478-4a8c-8a28-421fa4a94a34,eb11de6a-6d20-410c-8e57-8d660bc26b97,-,,Kaden Davis,WR,,2024-05-20
c6b6ecc3-26ab-41e5-b2ca-fc40468aecb9,fea3d6b4-da79-4ac9-9a8a-f447b9cb9cbf,-,,Darius Bradwell,RB,,2024-05-20
c6dd2c72-da1c-4f6a-adff-1954af80f026,8b977452-02fb-4664-a5d2-dae5c61dea93,-,,Cade Brewer,TE,,2024-05-20
c74ef561-69a7-44c5-8fc2-d58b84244312,c7c9b021-3d8c-47b3-ba54-fc3fc591376c,-,,Bernhard Seikovits,TE,ARI,2024-05-20
c74ffdd5-cc05-458d-a26d-74c43a07313d,838fb74e-7954-4815-8090-cb3a5ea0ec59,-,,Josh Imatorbhebhe,WR,,2024-05-20
c76c6722-49ab-4cec-a38c-7ab201710719,b584facf-ccfd-4cc7-a36a-6acbd3dc8a31,-,,C.J. Saunders,WR,CAR,2024-05-20
c7894f8d-b9fe-4781-b24e-5df4867af820,fe985317-3ab0-467b-9f1d-4ea6c8e7cc31,-,,Ben Ellefson,TE,MIN,2024-05-20
c7930b5f-f5b8-4468-9999-02c6715bec6f,9e5d1ff5-3a57-48ea-8eb6-fe84410d5739,-,,Trey Ragas,RB,,2024-05-20
c7b2efa4-9532-4d7e-8793-6c54e0e1fc47,3ab3fa22-4176-4926-8743-7169f912e774,-,,Rodney Smith,RB,,2024-05-20
c7ccde06-4924-40ab-83fa-85e92bd4dcbf,483c86cb-db23-45b4-8d34-0ef4b2751dbe,-,,Carson Williams,TE,,2024-05-20
c7dba3ac-d412-4db1-abbb-c4c84297bd8d,daa3abdc-2d9e-45cc-b4e0-330b84f9442b,-,,Ben Koyack,TE,,2024-05-20
c872f77e-a2a0-42db-b2a4-f15b381ae9be,de0364c3-565a-46d7-9308-7b6868b57986,-,,Jacob Dolegala,QB,,2024-05-20
c881358e-9596-4ebf-88a7-eecccf4814d3,4e095da6-5de5-4123-8d01-1cbffb761394,-,,Kirk Merritt,WR,NO,2024-05-20
c9c6f158-3f51-4a27-904b-906b477cbdb9,041bbddc-7330-447a-badb-69079d1b1388,-,,Travis Toivonen,WR,,2024-05-20
ca1db9f3-1d3b-45eb-abc1-f29bf0e9f505,81f39191-b360-412e-94eb-d5030ab43c93,-,,Kevin Kassis,WR,,2024-05-20
cacdda4f-28b7-4883-b828-53fb5fe4862c,47e4940a-0054-47fe-a5f0-85a571a864aa,-,,EJ Smith,RB,,2024-05-20
cb75f98e-0361-4af9-90f1-008fafb92802,473d6a13-ad87-4756-9393-bbb1bef82c0e,-,,Daniel Crawford,TE,,2024-05-20
cc07f696-85f2-4cec-83f4-88c337e93d6a,a20a33a1-7321-4abc-9f1c-0d150135bf4f,-,,Patrick DiMarco,RB,,2024-05-20
cc100bbf-12b4-4e5c-a493-403402f870b5,269f2d40-e399-4b24-9fe3-1dd3c1fbed67,-,,Bisi Johnson,WR,,2024-05-20
cc1e2c5d-7335-4f0f-aa6f-28e00a8a401f,d12b90ac-e8b4-469c-83b7-2d814b418061,-,,Jordan Chunn,RB,,2024-05-20
cc2246ec-131d-4f28-a459-644b295a4ba2,21ecb3be-f4d9-453d-867d-3accef06ba14,-,,Shelton Gibson,WR,,2024-05-20
cc3180d5-0306-45b8-af0d-50525d7b8fb4,eafc4cd1-a257-45d5-ba89-0804935a0bd3,-,,Diontae Spencer,WR,NYJ,2024-05-20
cc3680c3-df1a-4423-bd19-35665ee2d88e,5ffeb14e-0840-4016-b782-bd17b04cc1e0,-,,Xavier Smith,WR,,2024-05-20
cc373a78-fcc1-43b4-9e74-258964b51dbb,8e66ce18-5e89-4350-b707-f609bd58a662,-,,Daniel Brown,TE,,2024-05-20
cc584a52-ce25-4fa9-ae99-7c28b232491e,467a673d-8183-42d3-a97f-1c96f313099a,-,,Javon Leake,RB,,2024-05-20
cc7fbaed-28dd-480c-b093-46c82f9dbc6b,d4f7fc9d-37eb-4957-924c-50e45c74e94e,-,,Kahale Warring,TE,,2024-05-20
cd00643e-45cf-492e-a00e-af3b9aa1ef50,6081a58b-7ae0-47e1-add6-c028d14c53e2,-,,Albert Okwuegbunam,TE,DEN,2024-05-20
cd1b23a2-a375-431e-995f-138cce3d105d,860c13be-50ed-432b-80fb-a335aa2a79c8,-,,Luke Farrell,TE,JAX,2024-05-20
cd292ca1-7f43-461e-87be-b81c92cdaa37,f405f507-36b0-4df1-9bed-afedfe801e3f,-,,Keelan Doss,WR,LAC,2024-05-20
cd444a97-a760-46cc-80b4-e51cc8b8d848,5510d2a5-79f2-4e06-9f64-ada010b5592e,-,,Marcus Kemp,WR,WAS,2024-05-20
cd88793d-bab3-4c4d-86d4-05b924d410b0,8ee19fdc-18dc-4c3d-b09d-f074bb48e29e,-,,Dan Vitale,FB,,2024-05-20
ce95cae2-d97e-457e-89b2-373ab4c6dfd4,64e1c105-3203-4aa5-9499-76b0545f8a7d,-,,Travell Harris,WR,,2024-05-20
ceb8d440-bc86-40bb-9cfe-8e1737ab44a2,b8c72b34-e45c-4fec-bea9-dffea84c9831,-,,DeMichael Harris,WR,,2024-05-20
cedc069f-f698-4e15-b443-2415b0a65a62,6d842274-87c3-4d8e-969f-0f7a3710ca88,-,,Aaron Fuller,WR,,2024-05-20
cee48365-719d-4390-803a-b35707bfcd15,700d4679-c879-461a-b4e5-24ec71951ceb,-,,Antonio Williams,RB,,2024-05-20
cf1f5aaa-b4cd-4543-90c1-3395a714197e,3ed3bfce-c9a9-4f42-8c0a-43702e7e449b,-,,Tre'Quan Smith,WR,NO,2024-05-20
cf614671-3855-415f-a5a1-1e0309b11f48,e401a33a-381b-4aef-ab7e-17712db7519d,-,,Kearis Jackson,WR,TEN,2024-05-20
cfc618fa-018b-47df-80fd-e27ecc6c9574,b72b8439-2a34-4a0b-94ea-0922529a6619,-,,Kenji Bahar,QB,,2024-05-20
cfe5cdac-6970-4eed-9938-0ac7d845fa92,0f95878a-6160-4f2d-ad9d-60c8d88c0616,-,,Bruce Miller,FB,,2024-05-20
d05c5e0f-171b-438a-80f0-cc4e37ca6323,34dfefb4-d8ef-43ca-b944-aeca1452a7d0,-,,James Mitchell,TE,DET,2024-05-20
d0786846-e578-400b-9e42-4fedffbf7449,e0b4d853-14e6-47fa-9895-553773b27973,-,,Alex Ellis,TE,,2024-05-20
d0b059a6-52b8-426d-9751-5eabc965351d,5072a7b6-c680-4b25-a3ab-f6d39000659a,-,,Tyler Simmons,WR,,2024-05-20
d0d8c01d-9e2c-479a-b834-6e956209ff43,5f7e0b10-9aa3-4756-9779-c803228e913f,-,,Christian Blake,WR,,2024-05-20
d0e80dec-ad7f-452d-8dcc-fd34b090ec7f,7bc0cdfe-cc3e-4112-8600-001b1ef77ec0,-,,Jake Funk,RB,IND,2024-05-20
d0f347a5-5b4e-486f-b65c-9927d9437e1a,26617bf5-9399-4bb4-a121-98eeb1ee3142,-,,Cole Beasley,WR,BUF,2024-05-20
d1fd858f-02d2-4083-9ab2-db013066bd75,9bfabb2b-a00c-4b62-91b3-753079bd153c,-,,Ryan Griffin,TE,,2024-05-20
d2ddabe5-f687-4421-8d96-4b4e9a7ae45e,1baf5018-21a8-42f3-995a-be52b8cf412e,-,,Davis Cheek,QB,,2024-05-20
d3056676-af6e-4ce9-ba6b-7803a8197659,99ccfbb8-7aa2-4e4e-a202-fd795175352e,-,,Chris Oladokun,QB,KC,2024-05-20
d305e7fc-fffc-406d-8de7-6a7404b6fd5f,b6e02823-0ccf-45c3-b407-8b999e029957,-,,Kenny Yeboah,TE,NYJ,2024-05-20
d3855235-c939-46a7-9459-2f2dac12c528,d8ef6a53-6496-459e-81c5-bc8bb3b8be56,-,,Isaiah McKoy,WR,,2024-05-20
d3b7c86f-3dde-41a4-bd47-2edd1a7b6a03,5fa841f0-79fc-4ecb-94f2-201828fa7dab,-,,Deuce Watts,WR,,2024-05-20
d4ef117e-7527-402a-b19a-99e4e8c645b8,b5926e6f-4fe3-4b9f-a823-1d79ba8f7c9e,-,,Matt Ryan,QB,,2024-05-20
d5170e36-12e8-4637-acee-4b4e2b1cc9cf,403306c3-ebb1-4dbd-8564-66c6d32ba69f,-,,Jonathan Williams,RB,WAS,2024-05-20
d545e87c-da0c-4016-8511-f0368baad5d2,732d9e9d-89ea-44b6-a3af-53335718fcb1,-,,Lew Nichols,RB,GB,2024-05-20
d54e53ac-e36e-45e6-a3fb-843bba21919d,810e9dfe-9a52-4c63-b858-b6f6712187de,-,,Chris Hogan,WR,,2024-05-20
d5afa97a-f1c2-45fa-b1c0-212dc21ff814,3118d4fd-d685-4892-bdad-080b6c4b7a79,-,,LeVante Bellamy,RB,,2024-05-20
d62aa3fd-0b18-4733-944e-f1e8a892130f,844b6ab4-e486-41b6-8772-7e1c89f1b605,-,,Jake Hausmann,TE,,2024-05-20
d64746bc-7627-43c7-9cb9-d28afb484948,b245e35a-861b-4de5-8c65-ac63b3ab3444,-,,Devon Allen,WR,PHI,2024-05-20
d66284a6-1697-4211-b00a-43e3898b7ac4,dbd9f1f7-ce84-4580-b559-240027dddbf7,-,,Brandon Allen,QB,,2024-05-20
d67941d6-1e2b-4b65-81fa-3355d8c5a024,595fc42b-995f-492f-ad8e-6f195bcd2752,-,,Albert Wilson,WR,,2024-05-20
d681073e-11cb-45e1-9b66-6e6e6e6a5498,8d87a855-ad6d-463e-a1ec-9d61e39fdd37,-,,Adam Prentice,FB,NO,2024-05-20
d69a0463-d22e-4ec3-a5b4-b5cbc562a03d,269a4ccd-24e5-475f-9727-66cebb8d9396,-,,Sutton Smith,FB,,2024-05-20
d6b94a6e-6e00-4af9-bbab-d3c9ad8f77fc,09140cb4-41ea-4543-a1c6-5c220babb2b4,-,,Dominique Dafney,TE,TB,2024-05-20
d6df6010-8071-4b5c-9661-6b2e705f10b6,1f84878e-89e6-4475-87a8-3d443508dd7b,-,,Cameron Brate,TE,,2024-05-20
d705b725-6c14-4c63-8866-94b5777698b4,7f86d8d5-68cf-49e2-8c8c-9932812eecdd,-,,Noah Cain,RB,,2024-05-20
d707fc20-8b23-481f-aa7b-ed612887a3d6,435c1341-df4b-4e87-a752-5f4d498ac77f,-,,Bo Scarbrough,RB,,2024-05-20
d720b2e2-cd46-414d-9e1f-2274c7fcb82b,fb65314c-56c7-425b-a762-586eea2642e6,-,,Trevon Clark,WR,,2024-05-20
d725b899-0240-46ef-9af6-ca65a4fa9d09,e44959d8-6573-439d-b515-d4fe532ae3a4,-,,Phillip Dorsett,WR,LV,2024-05-20
d7a231e1-6ef7-41c9-92a2-91c9b70c2104,604e9752-14b7-4f4d-81d1-d454728a549f,-,,Dan Arnold,TE,,2024-05-20
d7be416d-ed21-4281-890c-575a29741269,e8c1723e-3ec3-49f0-a83b-c7af9c62babc,-,,Luis Perez,QB,,2024-05-20
d8528492-2db3-444f-8c9a-b72c8a8f087a,e2e77921-b81c-4c70-90ec-e9df8f505c6e,-,,Latavius Murray,RB,,2024-05-20
d8aefdb2-a5b7-45f6-a647-d7cc7a9e998f,729e4a31-90d7-41f8-9c29-9e798040d6f5,-,,Cam Sims,WR,LV,2024-05-20
d9c0953d-4151-4c97-9afd-432ce7c3bbdb,75295783-cccf-4e77-b334-c6347312e20a,-,,Hunter Kampmoyer,TE,LAC,2024-05-20
da12740d-e1aa-4cc5-ae84-7fb0c2984345,3cd91567-2eb5-4a43-a64d-59a4235e5508,-,,John Kelly,RB,CLE,2024-05-20
da211a09-a8f5-4bbf-bae9-23d3906773d2,90254d27-8b68-47b3-a0b8-80acf507f0ab,-,,Matt Barkley,QB,BUF,2024-05-20
da4c29e9-b0b4-4e3e-ac60-04924c18e1c1,e72d2d83-a588-45e3-9623-3fefdb1aa655,-,,Carl Tucker,FB,,2024-05-20
da78a02e-b1e7-4516-b7ba-2d3e95701016,8a623b0d-b2d9-4267-a75c-ed2117a813d2,-,,Scotty Washington,WR,NE,2024-05-20
dabddcb0-2d54-4025-82b5-8bd5fc8a9352,52f5eada-cb51-4ccb-a688-da6be0bd2f52,-,,Chad Beebe,WR,,2024-05-20
daf8361b-ba42-4190-b983-2ed2449d4ca7,3938dfa9-766c-44b0-90a8-d0aa272a05e6,-,,Tarik Black,WR,BAL,2024-05-20
db822f36-bd47-4e9d-9d3a-47acd8b02e03,9c5b1655-c123-489a-b8a4-17eaf05f2992,-,,Lujuan Winningham,WR,,2024-05-20
dbd96168-e741-4a27-be88-a7820e92081e,f48a8626-0192-4d05-916c-15d0d74c334d,-,,Antonio Nunn,WR,,2024-05-20
dcb28535-b996-4927-aaba-659a4769ac7e,66d8ba9a-d0ad-449d-b27a-bdd782a4cc04,-,,Zakhari Franklin,WR,,2024-05-20
dd79049a-76f9-47bf-95e1-7d0b6714e26c,83a9aeb3-17b1-4238-9331-043f6ab2f27d,-,,Brandon Thomas,RB,,2024-05-20
ddfed2e3-921c-4d6c-b78c-5ff4015fd715,e9bf5beb-1eb4-44c0-8017-ffd3abd1badf,-,,DeAndre Washington,RB,,2024-05-20
de1f9324-4ce2-4c22-8b7a-34ae4449bbfe,c1dbe39a-c909-4e1e-8952-b31f6f237df6,-,,Jarvis Landry,WR,,2024-05-20
de64e161-d1fe-4499-8006-0eda65c5f9fa,ecab8e2a-03a0-45b2-a77f-d7fe75c88047,-,,Ko Kieft,TE,TB,2024-05-20
de6ea364-2416-44b5-bb67-89c60d139f35,1a67111d-54b6-48e7-8402-02d126c8df12,-,,Joshua Perkins,TE,,2024-05-20
de71b513-f0e1-4f00-b437-9d1e3d03bd58,a7eb11a1-09ce-40d1-af62-523dd8401035,-,,Garrett Gilbert,QB,NE,2024-05-20
de7ea634-7667-4dd1-a32e-a6eadf32ee2c,b5c061b5-0fe2-4b24-9196-dcd20e9a868f,-,,Eric Ebron,TE,,2024-05-20
deb50122-d57b-441d-92a8-8c2e7323c038,cab646b9-bf30-47ab-a0ed-6a899e831f70,-,,Keylon Stokes,WR,,2024-05-20
decb20cd-94d6-485d-9b36-f38d5f71ed85,8ddd0c84-6af6-4183-8412-23875d863c9c,-,,JoJo Natson,WR,,2024-05-20
df2d5b3d-0a15-4d61-a7cf-9daeecb29a55,3a0c25d6-5e91-4ab0-b28f-cbec56eff369,-,,Michael Young,WR,,2024-05-20
df5bb4ac-1634-4050-a421-9c065d92aa3b,7a6682ae-75be-48b1-bbc4-e5c7f6b8e6b8,-,,Josh Malone,WR,,2024-05-20
df7cf0af-0f68-40b0-8562-8adc743fe638,729b60e5-dc74-4a86-b1d7-fcf6d05cccd6,-,,Dez Bryant,WR,,2024-05-20
dfc687eb-a591-4ad4-b6da-d2910104d763,ecaeb48a-6600-4875-b14b-bb75a7b5006a,-,,John Lovett,RB,,2024-05-20
dfc8377e-9cb0-4ec5-9b52-328ac9258a67,42150f38-1ab5-4a55-a489-ef7b428cb6bb,-,,Trevon Bradford,WR,,2024-05-20
dff33a68-0195-44a5-b9e2-c6dd5085af77,6b8ba986-bbcf-44a9-b822-649141cc76c7,-,,Antonio Gandy-Golden,WR,,2024-05-20
e0a90f29-c4f0-4e4a-9185-01750b7160cf,b1fa01c2-938f-4ef1-8f2c-42716237a892,-,,Taiwan Jones,RB,,2024-05-20
e11b0fd8-8a3d-481d-a0ca-34e7ac768f2c,6bf1a468-8372-4d82-8fea-0ed37650ed23,-,,Ricky Seals-Jones,TE,,2024-05-20
0034359e-d6c8-40c1-a133-d528a2f7a2d9,1c7f3207-b8fc-468f-b9ca-481c8bb6bca8,-,,Jaquarii Roberson,WR,,2024-05-20
e1de7970-2d78-4c24-bb8e-3dd45e83dcd5,3e1e5a1b-a544-4031-967a-2e8ccf5b48d5,-,,Blake Bell,TE,KC,2024-05-20
e1e99ed6-8598-4b24-b2ad-bf402e9085d5,d250a69a-b4ef-4b43-b907-6e146a3f6ca8,-,,Marcus Johnson,WR,,2024-05-20
e1ef4a27-675f-413d-b5a3-48f711d15a47,06aed1aa-6279-4ccb-9060-ab3b0091cc4b,-,,Brycen Hopkins,TE,LAR,2024-05-20
e1f67ea7-15bb-4045-9f94-d9a2164f6205,492e4cc2-bf84-4497-8c05-7d93c82b5e9b,-,,Jamal Agnew,WR,JAX,2024-05-20
e227eb9b-3217-45f4-93f6-a3249a818b0a,1d827b60-fd88-4709-b1a2-7abf44a08163,-,,Nsimba Webster,WR,CHI,2024-05-20
e22eda9c-4f4f-4331-9e84-0dfd96547c25,9315e958-6b40-4418-a086-465a6c083c04,-,,Gehrig Dieter,WR,,2024-05-20
e24b6a20-25c2-4caa-b153-ccaf7e933758,75690f2b-a27e-48c8-a117-58785124a182,-,,Sean Mannion,QB,,2024-05-20
e26532b8-3202-4229-8720-77503a6e793a,cdded231-dbf3-415f-9374-8d35c089cf9f,-,,Larry Rountree,RB,LAC,2024-05-20
e3ddf49c-4417-4ea0-961c-be1f0cb1d7e9,3ad5da04-9e6b-46ac-aad2-f3bdfd774e69,-,,Peyton Barber,RB,,2024-05-20
e3e39bd8-e1b8-44d7-94be-ef312323fad2,f445116e-5b80-4eee-8936-b1478925bd95,-,,Seth Roberts,WR,,2024-05-20
e3f76f4a-c339-4339-a8ff-4e2ab521cb05,b3aa4a18-77f0-455c-85a4-9b2a507365cc,-,,Case Cookus,QB,,2024-05-20
e5465671-390c-4721-8ef1-f0d063465186,fd7f1d74-c4ba-4309-9ae7-b3bf35dcd390,-,,J.P. Holtz,TE,,2024-05-20
e5d726b0-fd31-4f85-b438-2c9be1018e74,147c6177-cb73-4fa5-ad0f-083fa9ff41e0,-,,Kevin Marks,RB,,2024-05-20
e6348f50-3016-44f2-ab5f-29dbd7b9b80b,68eaa5cf-1831-47b4-b85a-36fd85d64d66,-,,Greg Ward,WR,PHI,2024-05-20
e6382786-03e7-4d1d-94aa-0da2d48fdbb7,5596500e-ca2b-44c2-abf0-725506558a5a,-,,Ke'Shawn Vaughn,RB,TB,2024-05-20
e66f0aba-0fe9-4da6-8105-0931ea8ac14c,88411469-e1eb-4793-a8e8-e2012dbe091b,-,,Derek Carrier,TE,,2024-05-20
e6a9be9b-7cdf-4303-ae36-b1de0b69c362,c9ab11e6-8abf-42ef-a1e4-30352355436f,-,,Cole Wick,TE,,2024-05-20
e6c11503-9ad0-4f43-9345-0d414ff243ac,53fa56eb-724b-4071-be0e-55e94babbc9b,-,,Dedrick Mills,RB,,2024-05-20
e8606356-1306-4fad-b4ba-210e73d8bd5a,1bd7b256-4a5c-4568-b75f-bdf53a24cdf1,-,,David Sills,WR,NYG,2024-05-20
e8821bae-605c-46df-bf41-e3bf12a2c6df,0a4c2dcf-798f-46b1-9710-cfa683ec39bb,-,,Anthony Brown,QB,BAL,2024-05-20
e8d9a240-5e83-40c7-a81c-2f21fc69632e,c44fbf3f-d0bc-4e50-b126-2e49c1baa992,-,,Matt Lengel,TE,,2024-05-20
e9173fae-17ad-4143-a8f5-880c0f3e09fa,44b5fd3d-74eb-4c7b-9ca5-acb3f1e9dae2,-,,Chase Harrell,TE,,2024-05-20
e92aebee-07e5-4c8a-ac7d-49d79ab705ab,0e5bce28-1528-4e9d-be5e-f584546e825f,-,,ZaQuandre White,RB,,2024-05-20
e94aa7e3-d0b5-4fea-ae2b-166b48f1eb45,75768915-8483-4ce8-8f8f-b1f5c672cf5a,-,,Thaddeus Moss,TE,,2024-05-20
e9725d18-d8ad-4671-a8b6-dcfddc9d974e,8383d66c-c609-4983-a2a5-c005c9af378a,-,,Reggie Davis,WR,,2024-05-20
e9ab8c29-96b8-474b-9553-f2900a1e2758,6f2c6b80-e459-40cb-b79c-7c4c85090213,-,,Penny Hart,WR,,2024-05-20
e9b17db5-4943-4f32-96c9-16112e977f62,0dc76583-d9f4-42f9-8a6b-5c07446602cc,-,,Matthew Slater,WR,NE,2024-05-20
e9cb5185-72af-4d34-b547-19a67ac3d63e,71172250-40f0-48f8-af33-38f8a85b479d,-,,Cole Hikutini,TE,,2024-05-20
ea002984-8dd1-411a-b316-7bf5243a6c4f,fd3c802d-e947-4b38-8150-cfe48c1460cb,-,,Dominick Wood-Anderson,TE,,2024-05-20
ea2057ad-0c08-4b61-8440-5a35ec1a4834,1a936706-39c0-4b70-ac22-f3b47b2b7092,-,,Damarea Crockett,RB,DEN,2024-05-20
eab1649f-c388-4c2f-91a5-78d9b2ea2183,a1761b62-9000-4680-b0de-8c54d2ee4473,-,,Elijah McGuire,RB,,2024-05-20
eaf2fe66-009c-44a0-80d9-79a09852dfd4,f114cbe9-2fbd-4804-9536-6fc941e3c568,-,,Tyler Vaughns,WR,,2024-05-20
eb4c3bd5-c421-4254-b27a-08ef1602bf5f,e9b5c795-3c18-432f-93ef-9572a6eafd4e,-,,Mikey Daniel,FB,,2024-05-20
eba6d924-f5af-43b5-b8b6-d7b76f97d469,cc67ded6-9c3b-47ca-9b72-7f079d003307,-,,Chris Tyree,RB,,2024-05-20
ec2be600-6334-4116-ada1-048e40e8c01c,20da98de-46ad-43ad-a6ef-e6ed946b48ad,-,,Kevin White,WR,,2024-05-20
ecbf59ff-b41f-4aff-ba08-e9e53eaa9b7c,e7b3c934-50a8-4a3a-9f2b-a26cf98542ac,-,,Jonathan Ward,RB,TEN,2024-05-20
ecc09bb5-659f-49a4-90af-4e68477d8883,a7246502-7006-49b1-a739-121f2912609d,-,,Darius Jennings,WR,,2024-05-20
ecca2e27-13dd-4e22-bfec-9f791660b45d,3e3f5b2f-dd17-4f48-ab56-fbd6cc7a61b8,-,,Mohamed Ibrahim,RB,DET,2024-05-20
ece79321-4541-4d27-86ba-2ccce9d96a8f,d4d1c7b0-64ff-4ce1-b5b3-be8173f4e359,-,,Jack Doyle,TE,,2024-05-20
ecea1a9f-3d55-482a-b32f-ef3f7df6f4f9,50dedc9a-36c7-4bb1-bb84-66766b6d89f1,-,,Alex Taylor,TE,,2024-05-20
ecf23976-86f3-41f0-9980-0b4a94f8aa47,b4bb6532-2ec4-40ca-9ef2-a854121822f0,-,,Bryan Edwards,WR,NO,2024-05-20
ed0c96d6-8000-4b72-8307-e27deb0055f6,fdbbdd2f-69a8-494d-8bd0-7aace7289662,-,,Jaron Brown,WR,,2024-05-20
ed56332e-0104-41b5-8748-d5e7746b3cd8,3bd9f2fd-b8a7-4447-bef7-91d22e5ceb6e,-,,Marlon Mack,RB,,2024-05-20
ed5940be-2f5b-47c8-854e-47cc1ea9cba4,882ac570-28cf-40cf-b2d9-9483e1a1e39b,-,,Tim Tebow,TE,,2024-05-20
ed99e649-1a35-421c-81fd-7c29456a2287,465a5e30-970a-4542-af5e-a9299565e207,-,,Roger Carter,TE,,2024-05-20
ed9eaf05-1053-4a0a-a6ce-fae2a9d7f274,744602be-287b-4aeb-aaa3-f6e1c885a0a9,-,,Chase Garbers,QB,LV,2024-05-20
edbca731-a75b-485e-8d4c-c4dd9ef5ece1,0c04c8a7-7912-43f5-a253-58c86141c684,-,,Colin Thompson,TE,,2024-05-20
edd28ea6-1b76-4cbf-a031-284c29cc92d4,8f692ef5-a0bb-467d-b8ca-1cc2e456532e,-,,Gerrid Doaks,RB,HOU,2024-05-20
ede18223-c567-41b4-b164-16f4a72ef9c0,41a95a26-2af6-4502-81e4-a9230a4c1e4f,-,,John Raine,TE,ATL,2024-05-20
ee023f27-3d40-4bb0-b766-77b5c9d738dd,cac85860-ef0c-4e34-a7cb-65a8f4d4b799,-,,Shane Zylstra,TE,DET,2024-05-20
ee7bfd73-58b4-4591-9030-e7b2439e7d30,dd510349-6c96-4b20-8d8e-2cb7da8bf499,-,,Eno Benjamin,RB,NO,2024-05-20
ee9d1e17-ea65-4c24-ad41-1a3a587f1bb7,c762682b-8e99-4a45-850b-4bc9bbdb7a33,-,,Leroy Watson,TE,SF,2024-05-20
eebf922d-b405-4f09-8577-72a710c86fd1,0b8759c2-8448-4908-a035-0abfe777ce3a,-,,Dante Pettis,WR,CHI,2024-05-20
ef094955-06b2-4bb7-9478-7e220cdcd302,026cdd9e-290e-401d-9fe1-d52eb17793bf,-,,Kyle Patterson,TE,,2024-05-20
ef2c70f1-40fc-4871-8891-668496fa9c20,1d0d5e98-7cf8-42c5-948c-07abe1616c4a,-,,Ted Ginn,WR,,2024-05-20
ef405d0e-18cb-4287-9021-bd573f8e61d6,db2238fb-c655-4338-ac47-2456083d7499,-,,Rashod Berry,TE,,2024-05-20
ef428880-a471-408b-8649-74384f99f697,3c860c49-2489-4c7b-8f8a-a297e1fc9453,-,,Taylor Gabriel,WR,,2024-05-20
efd20fb6-8f2e-4145-bc3a-70310e578092,770af7f9-c749-49fa-9f7f-32ae2e1e462e,-,,Dylan Cantrell,TE,,2024-05-20
efe1ac89-3127-43c1-80d7-6d34f8bc71d1,afc8de3d-259c-4ad0-9507-680e9e1c621b,-,,Irvin Charles,WR,NYJ,2024-05-20
efe3aecb-0295-4d5c-a24c-5e49f0abacfa,282a54e4-1867-45e3-b15a-5d3cf51763fc,-,,Jalen McCleskey,WR,,2024-05-20
f00738db-5107-4d89-a759-9270065df735,cc26c0b6-0745-456d-9927-882a10f9b7bd,-,,Makai Polk,WR,,2024-05-20
f0673ee4-1678-4ddd-946b-132036575609,b8393fb7-9b0e-4988-a057-db3542da17b5,-,,Grayson Gunter,TE,,2024-05-20
f0c0297c-f1c3-4486-8666-dc52d63a590b,db12aacc-1203-431f-a6af-c44aedd4fd82,-,,T.J. Logan,RB,,2024-05-20
f0cf488f-9178-4958-bd54-ac98e182d5ac,bc12af8a-4f26-4e87-aab6-91726b6c8e1c,-,,Keelan Cole,WR,,2024-05-20
f0d2890a-4651-483b-a4d3-017ab3e3beae,f24db425-614d-493d-a7ba-fe40acd1cfa4,-,,Marquise Goodwin,WR,CLE,2024-05-20
f0d49e51-1903-4252-ab1f-39fef27f9d36,6ffc42ff-42fb-4e8d-9fd6-ebc7c29fba21,-,,Sean Culkin,TE,,2024-05-20
f0eff2df-2d2a-4cd3-9b9a-d2f7f00029a7,8e58c9e0-0e7f-42db-979b-858d2348b277,-,,Isaiah Zuber,WR,,2024-05-20
f0fee9a4-b572-40e2-a670-468b91a88e89,e0ff4ee7-493b-41b8-8c05-1039d00efed8,-,,De'Anthony Thomas,WR,,2024-05-20
f101d553-eb91-4508-a8e1-41f8508272cc,43dc15b2-ffff-4c30-acbf-becc74ac6c86,-,,Tyler Kroft,TE,,2024-05-20
f11c3702-3978-4008-b66d-95166fa3ef8b,ec17c417-0f92-481f-9204-f900b6d66060,-,,Trejan Bridges,WR,,2024-05-20
f1367830-5697-4382-af37-8310af856558,3d04078f-82ec-4b45-8291-aa5b08221d4f,-,,Matt Corral,QB,CAR,2024-05-20
f1959a4b-a3dd-48fd-afe4-a5524ddd6989,4514c9e6-03fc-4000-811e-51a947ce9044,-,,Le'Veon Bell,RB,,2024-05-20
f1cf5d0a-a1b0-4ddc-a9c4-8cbe45c09736,22caed8c-2402-4bc4-a2d1-2be6b75021bb,-,,Brett Hundley,QB,,2024-05-20
f231bdd2-c162-4f14-83ff-64c13dd0ed96,adbdef6a-5c34-4563-9878-6473f5490518,-,,Jeff Smith,WR,NYJ,2024-05-20
f26b175b-a6bb-4422-96c7-2007008bb326,4ccade6b-b838-424a-b487-ded3625482bc,-,,Kyle Lauletta,QB,,2024-05-20
f2813312-ab7f-456f-9336-0c38005f24e0,81517b3e-52c1-41fe-a780-fbe8750afe5e,-,,Troy Hairston,FB,HOU,2024-05-20
f2960b8b-6238-4997-b0eb-3137daf2e532,1af1ed2e-49c5-4e89-8e19-d0492d2dde71,-,,Andrew Beck,TE,HOU,2024-05-20
f317a25c-2717-47df-8df9-ade6a1de6583,7779121b-9316-46c2-9f5c-aac514693871,-,,Jake Lampman,WR,,2024-05-20
f320a7fd-bee1-410f-a192-34ace1f4d068,5e131c4f-65e0-460a-990b-3f0730a3d701,-,,Ben Roethlisberger,QB,,2024-05-20
f32c68eb-087c-4256-adb7-248f24949736,0bb824df-2dff-49f2-9dc2-be7d999946e9,-,,Daewood Davis,WR,,2024-05-20
f330b07b-51e1-4036-8ba0-018c25736163,ca983a97-431c-4036-bf61-44dba04b71e0,-,,Devonta Freeman,RB,,2024-05-20
f3363374-456a-4e0c-b2df-03cc4a20f17d,5e5cc4d2-5112-4125-b79f-0808dc8d39b7,-,,Dareke Young,WR,SEA,2024-05-20
f3403db1-5882-4f51-a6d4-b34211fcd5c7,cb2a40d6-d642-4833-8d3e-cf3056f85ae8,-,,Maurice Alexander,WR,DET,2024-05-20
f3f31d5a-5a2f-4add-99de-e27965f27044,7c721bd6-6a76-47ca-bb46-ea58f6d6be2a,-,,Vyncint Smith,WR,IND,2024-05-20
f403290d-90cc-4b84-be72-c6c45a1c1730,dad30e05-0ca3-4c9f-8e56-764eabb9a9ae,-,,Derrick Willies,WR,,2024-05-20
f406ff0f-af6c-4bf9-9c16-0f2aeec5cb11,a27f6c96-20e7-4f7d-b83e-836caed7255c,-,,Nate Becker,TE,,2024-05-20
f41056c8-4696-48c1-a9a5-212a3211e8b8,b6a6b3b1-d57b-4cf3-8c92-ce73b4a9d8f9,-,,Tanner Conner,TE,MIA,2024-05-20
f48fa1bf-edde-4292-bfc3-4330c64edb40,33acfe66-0631-4562-9304-d586a4750974,-,,Brian Lewerke,QB,,2024-05-20
f4c40793-d725-44fa-9ffe-25622930a159,c0d4a66a-ddaa-4695-ad1b-79380bda3a7a,-,,Justin Rigg,TE,TEN,2024-05-20
f5c5a13b-2a9d-4ad0-af14-c62332caac19,63aa3ca2-1c72-47de-93f4-92bf69c197b1,-,,Steven Montez,QB,,2024-05-20
f5e0f480-8ae7-4b05-96bf-b43e474aa670,cceb7d48-b43c-40f5-ac46-6e6b899238d4,-,,Pro Wells,TE,,2024-05-20
f62888f2-3a31-4851-81df-1735d1aac236,e71ae77e-dcbd-43d8-96a1-c986d2b5da7d,-,,Rashard Higgins,WR,,2024-05-20
f699ccbf-a500-4477-b9ad-3eaead0a260d,823f143a-6c42-4f88-a861-dff094e85e3b,-,,Trey Edmunds,RB,,2024-05-20
f6a4bf8b-2a8c-4c03-9325-3f413a608705,f4ad7681-a5c9-4aaf-8325-324beab72305,-,,C.J. Ham,FB,MIN,2024-05-20
f6c9874a-647d-4e7c-a583-905da528b18d,b6f23922-f88c-4c4b-8644-d0f8ef9d85a1,-,,Cheyenne O'Grady,TE,,2024-05-20
f6d87c08-ecdb-4087-83bd-a8df824fdca4,059cf5f1-9107-4c53-a592-b377cd95242f,-,,Chris Manhertz,TE,DEN,2024-05-20
f6f2c8ac-6bd2-40ec-b46e-9fd0f1c03e53,47c33d22-d9c5-40ce-b570-d63c6fd6e662,-,,Marken Michel,WR,,2024-05-20
f6fc8270-edd7-4a81-98b8-9737ff859423,4930654f-4edb-4ed9-befe-c7e2e7d5760d,-,,Chad Williams,WR,,2024-05-20
f7025add-0936-4890-b685-dc96b1c810c6,36562f90-5715-42d8-b7f5-7a4d7f2b3b10,-,,Austin Fort,TE,,2024-05-20
f77bfcda-9433-4c43-84ac-303912259e75,ee0509c7-82c2-428a-b884-8517a4ceb0e0,-,,Brandon Dillon,TE,,2024-05-20
f7a4ec86-cc42-4e89-ad1a-619554994565,32d38384-f28f-46e2-9997-bf4ef141dc5d,-,,Shermari Jones,RB,,2024-05-20
f7cbf44a-18ee-4dd7-925e-f9c541bf764d,6c036fa0-d637-4453-b156-cdd834aebf0f,-,,Buddy Howell,RB,,2024-05-20
f7dfbd6b-09bf-4e8d-b29e-c52434317ea9,c924f385-c0c4-448b-b711-8a5869a088d9,-,,T.J. Simmons,WR,,2024-05-20
f8285392-56ec-4b3f-a7c5-f9d4d8421c27,348b5dc8-e106-4ffb-b058-ee609e9e0a6e,-,,Charleston Rambo,WR,,2024-05-20
f84c6c9c-b9f9-42d1-9663-2800b0c1e940,5a3f9c7f-236b-467d-b58f-3a4113ae5f05,-,,Rico Bussey,WR,,2024-05-20
f862b1d3-f902-436a-be51-ec6e04837db9,82299c45-a26d-499d-9e80-10be5c3795f3,-,,Jake Bargas,FB,,2024-05-20
f8663f82-4bb8-46e9-b40d-a6ddf891f3ac,3a2ee1d2-903e-4c27-b3e6-cdae0a0212cb,-,,Chad Henne,QB,,2024-05-20
f86b01ba-6771-43ae-8cfc-54905f01fd35,9cdf810d-f558-44d6-87d3-ac7e1fb4339b,-,,Kamari Averett,TE,,2024-05-20
f882c900-3350-40aa-b18c-74d78a5751ea,1229f563-1d18-4ffc-a2d9-46dacb0f9122,-,,Troy Omeire,WR,,2024-05-20
f8eef614-d80d-4604-94af-e147d1591b4a,1d1a135a-f659-42c1-8bcc-03eef6ca160c,-,,Tayon Fleet-Davis,RB,,2024-05-20
f94519fe-6d22-4cca-aa02-03f6bf74f89d,33cf7a00-a356-4475-98bb-337269c244c4,-,,Richie James,WR,KC,2024-05-20
f953a386-3955-4ecd-a557-c9072ea34f92,4a8dfda0-4799-466b-af25-2fe1c00b01f3,-,,Brett Rypien,QB,,2024-05-20
f96544b1-b62c-4cd9-b14c-07d89cd3aee0,2e9d9efc-241f-49b6-8d7a-b165e92ffe63,-,,Michael Burton,FB,DEN,2024-05-20
fa5d184c-3aac-416f-92c2-53edc2c7f5b6,4ee19467-690f-41a7-ae6b-b5d494abfac2,-,,Shaun Beyer,TE,,2024-05-20
faaea693-4f42-4348-ae3b-11f682caf7ec,249adeab-eb0c-4149-99ac-7f6f1b886c35,-,,Hunter Thedford,TE,,2024-05-20
fad35f74-3318-4df8-ae5b-d57cae76c1a2,d2dd8436-1694-45fa-99bb-38b95be026f5,-,,Tucker Fisk,TE,ATL,2024-05-20
fadcc094-4847-4113-9881-6931509762e5,ebe7223e-f43b-43cb-b90b-083a1a575206,-,,Marvin Hall,WR,,2024-05-20
fadf90cd-0655-4dd9-8c57-116c9b0638b7,753d2a52-3f60-4469-99f4-48dc50f9ea8d,-,,Reggie Bonnafon,RB,,2024-05-20
fae0d054-0082-422e-bb27-51818a459471,1a6f9488-9a6d-452d-9f3e-e2640a124d04,-,,Jamize Olawale,FB,,2024-05-20
fb1ffefe-f6f0-4703-9cd4-5715921f4f89,81f26c8d-fc78-4b3b-8458-ec523627925b,-,,Antoine Wesley,WR,,2024-05-20
fb315379-4f41-4a8e-9050-7ffc25b72d74,968d7739-f61d-4365-a63c-77bb946700e4,-,,Drew Estrada,WR,HOU,2024-05-20
fb408587-1a92-4404-8c31-8b7180ff034b,8bc4c091-5e1a-47db-a7ca-fc32595e42b4,-,,Racey McMath,WR,TEN,2024-05-20
fb6bc950-56bf-4929-a7ae-45f400c59c01,09064df6-abcc-4845-924a-cc7e6552d985,-,,Cam Newton,QB,,2024-05-20
fb8772b3-21b6-4f95-8cdc-2935b9ef9166,462115cd-2271-4331-87ba-908346e8dbac,-,,Anthony Schwartz,WR,CLE,2024-05-20
fbe812e4-aea5-4f7c-8f32-abbf1f0eb9ff,067592f0-6509-4c49-a013-d08e5d512b6a,-,,Jacob Eason,QB,CAR,2024-05-20
fc85defc-e045-4844-96e2-6c8a0c6553d3,700f1b63-bddb-41f1-abde-3d7d0c116a59,-,,Cameron Latu,TE,SF,2024-05-20
fd809b6f-c64c-480c-b150-7be4da5f7bad,d68f4392-51e2-4cec-b1ae-5f9ef5bbee11,-,,Devin Ross,WR,,2024-05-20
fde62467-cd1f-48b8-9985-533768a62aa4,c79d0de3-85da-4131-9be1-a623f5194065,-,,Tajae Sharpe,WR,,2024-05-20
fe49e768-fe75-42de-8179-cce80bf0d8fd,8b3bb780-7171-40d8-a6ed-3684667500b0,-,,Ajou Ajou,WR,,2024-05-20
feb213ab-adad-4dfe-9041-3540f6d8205b,0a835454-6016-4875-bbd0-425b0a2543cf,-,,Larry Fitzgerald,WR,,2024-05-20
febf764f-bd22-4f84-b60a-ae6d994eefbd,4bde293b-f493-4076-8b2a-7c836a3a7530,-,,Jaylen Smith,WR,,2024-05-20
fefe43a1-cbef-4c17-b895-ec1b51ec1d75,7773c8d4-068f-4325-9750-56bff159c584,-,,Ben Braunecker,TE,,2024-05-20
feff2ec5-6303-4af3-8da3-0698383393a3,76fce8a2-7843-4369-ad81-c2837868ddda,-,,Kendall Blanton,TE,KC,2024-05-20
ff121e1e-c7f0-4c88-a116-2f1d012ba3bc,0fc15e84-3b2a-4321-890b-fef2c2b22dc4,-,,Deamonte Trayanum,RB,,2024-05-20
ff1ee736-9a0c-4c1b-9c0b-7a3ba56af48d,325acba9-6d41-4ccc-ae65-01958680cffc,-,,Rob Gronkowski,TE,,2024-05-20
ff37edf0-afb6-4c8e-b5e7-8a39e3106297,b7f65391-9fda-404d-84c9-b92ca70de3f1,-,,Tyrell Williams,WR,,2024-05-20
ffbdd42a-bfef-4a7e-b9dc-5b20bfb5360b,494e4355-d991-4791-87c0-8fa6a2234182,-,,Aca'Cedric Ware,RB,,2024-05-20
00a1726b-97da-4522-bbba-a3776ece9169,90da1841-01ba-44db-a1b4-4b0ae398f1b1,-,,Cody Thompson,WR,SEA,2024-05-20
00b2844a-9407-4481-bfd3-3a2d76c5253e,bd041d7c-18e7-4c7c-825f-fe66fe1f5c57,-,,Trestan Ebner,RB,CHI,2024-05-20
011afae0-3b97-4bd3-b6ca-a29624cf2332,928cb95d-49bc-439f-ac3b-b4d516bda487,-,,Jake Burt,TE,,2024-05-20
01aaeb3a-bad7-4f4e-93b4-ba7e6526cf5c,a23ada60-09cb-4e45-9bd1-f35daea52e25,-,,Erik Krommenhoek,TE,,2024-05-20
01cad007-2270-451f-a490-164480cdb5db,4e74e219-b3ad-45f5-8db8-68d751a4ad96,-,,EJ Williams,WR,,2024-05-20
01e23cc6-2289-4534-b0b5-552c00ffc46c,4403b094-d95d-44d3-bfdb-91f6f1df852e,-,,Jalen Berger,RB,,2024-05-20
02673f25-10c2-43e2-a8b4-9d14e3dedeb8,9f5d5b15-8591-4ef0-ad82-c9ef91b19fb4,-,,Blake Jarwin,TE,,2024-05-20
02acb86e-f31e-46a7-809b-50d94ed3eca0,088d0b43-6c2b-48bb-ae12-aab5a09f5e51,-,,Nolan Givan,TE,,2024-05-20
044ae5d8-6a8d-4ee7-b862-cd5ae3947685,5665f588-ed9b-427c-b4a7-ed347aa59707,-,,Drew Plitt,QB,,2024-05-20
04601e8b-afa2-4220-ac9c-14ab93499ff5,db2199e6-850c-4524-b793-7fd8ef6f792a,-,,Jerome Cunningham,TE,,2024-05-20
047836b1-c65b-4bc0-a169-e38849717277,d6c4f275-fad8-4f8c-bbfd-0937e9f75987,-,,Golden Tate,WR,,2024-05-20
04cb59a9-b8d4-4438-98cd-ce59da76f4a5,3c4ff83e-69d7-45f8-bee0-710b536c97bb,-,,Jalen Nailor,WR,MIN,2024-05-20
05485512-be1a-42ca-9054-e6d95d8c8c5f,2f9cdd9f-c36f-4564-8efb-ead9372f804c,-,,Aaron Shampklin,RB,IND,2024-05-20
057e7a7e-cba7-4cad-a96b-b8b0902d595c,38a6035b-1d21-48c3-8a1a-b8d734df9bd7,-,,Senorise Perry,RB,,2024-05-20
05a154ea-ba3e-4e59-b4d6-3075ae7209e9,9d988db2-e836-4eac-9ff3-6939c52d4a80,-,,Tory Carter,FB,,2024-05-20
05a2712f-f5f1-4318-81ef-7904487bcc60,153e3d04-617d-4f89-a62c-2104546b128d,-,,Marcus Baugh,TE,,2024-05-20
05d46d3c-7c81-4157-ac43-1fd98e84f330,ca3acd94-f0a3-4536-8a60-e0f69d867760,-,,Trenton Cannon,RB,,2024-05-20
0645d57c-a7d1-4096-ae2c-df263614bf29,233588b6-5f1d-4467-9707-a09b3a9cb9b7,-,,Jerell Adams,TE,,2024-05-20
066a951d-855c-4514-9d19-53a5d9fab613,b1107a91-61f9-493f-9b2b-443aaaa69f9a,-,,Tyler Goodson,RB,GB,2024-05-20
06846b1e-c916-4d49-b1a4-27dd03d391df,7cc3f8d2-2766-459f-9498-ae7ddbaa372c,-,,River Cracraft,WR,MIA,2024-05-20
06879852-9646-496f-9541-5ce5c928f840,3f7bd899-65e5-4816-a407-35cfec040dfe,-,,Jimmy Graham,TE,,2024-05-20
07a7054c-2732-461b-8236-0974fa2ab23e,ff9dad51-0534-4676-9d71-b0501db113fb,-,,Bruno Labelle,TE,,2024-05-20
07c196fd-9cad-4d8d-aa6d-c5a44a1cc8cb,e76c24ec-33f0-4f03-92f2-2030ee2d7477,-,,Kerryon Johnson,RB,,2024-05-20
082ac8ff-f605-40e6-8c7f-45f33a9c39e3,87d6d591-514f-446a-8cce-63b8befc4ae0,-,,Cody White,WR,PIT,2024-05-20
08429254-2493-4a65-a2b9-34897fb15da5,286e8996-9336-40bc-a2d7-ae46394d7494,-,,A.J. Richardson,WR,,2024-05-20
0879ad8a-fb84-402b-9f23-5ada35e02168,251c0b52-9f94-4161-820d-90b17d76b731,-,,Warren Jackson,WR,,2024-05-20
08891c01-d52a-4eae-824c-73e23e8b3464,c50ff9e3-b880-4357-b3cb-8836da9fc6d5,-,,Aaron Parker,WR,,2024-05-20
09382173-2bc6-4e50-b34b-810c0457333b,b2fedf9b-ecf0-4f8b-af7b-bd0920ea45b7,-,,Corey Davis,WR,NYJ,2024-05-20
093f5016-a450-451f-bd89-cbbbc32df99c,b067967c-394a-47c8-8863-4d14b7d1d254,-,,Dax Milne,WR,WAS,2024-05-20
097d0410-79fe-415e-97c6-5652a7c68460,c7ccd3b4-426a-4794-80a1-a00356a7a048,-,,Jeremiah Hall,FB,,2024-05-20
09bbacd8-3379-420a-8bcd-84206532211b,4a6329ce-0a39-4cdf-bde4-227a041aa146,-,,Vance McDonald,TE,,2024-05-20
0a074a9f-af11-40c1-adf4-5d779a4791f4,3da10578-c84c-4b7f-9e98-6bd26283283c,-,,Josh Hokit,FB,,2024-05-20
0a0cc915-1b97-4007-b226-a2a133dcef45,530b2c58-6a12-4fa2-96fb-83c47ad24bbc,-,,Keith Smith,FB,ATL,2024-05-20
0a11df09-c3ba-42b3-82f9-e3e0b6014c68,5e7173a5-b20f-400a-bcd1-c3222c1a5ca0,-,,Leddie Brown,RB,,2024-05-20
0a1231ca-e6e8-480a-b6cf-d1d5c1f7d9b7,5ccbc944-7eb2-4101-99d5-986432d191c9,-,,Jason Croom,TE,,2024-05-20
0a3527bd-2cf4-438b-a1e9-c292d11ce794,24266911-b205-4846-bdba-e63fdf028996,-,,Jared Pinkney,TE,,2024-05-20
0a3746fc-2d0c-478b-8d66-ad407fc59ddc,648033dc-0124-429a-9a89-7ddb9f195885,-,,Qadree Ollison,RB,JAX,2024-05-20
0a509b2d-7b3a-4412-9b49-422ae81502c2,72a6fe20-f935-422e-97b0-0babff00fbb7,-,,Dexter Williams,RB,,2024-05-20
0a66a823-f19e-4448-8f84-f6ae83a5d53e,bb51a30f-30ae-44f5-a9cb-715ca7fabe97,-,,Jeff Cotton,WR,GB,2024-05-20
0a9e2006-c0b4-4dac-aaf1-04dc628c0e06,909a2f26-178e-4690-bcd0-f06c40afc50a,-,,Marcus Green,WR,,2024-05-20
0ade39fc-8ec5-4faa-8ea1-24e6e8804244,31af7f55-ac71-465b-bcf9-8a359448646d,-,,Josh Vann,WR,,2024-05-20
0b83e2b5-95e3-45e9-b297-c7ec44a190f4,9cdc2a34-f9e0-4601-bc99-118886d9ca23,-,,Myron Mitchell,WR,,2024-05-20
0b8e5e0f-186e-4d93-ae77-991eb5bda999,31892177-1747-4ba2-a79c-1ac468ffda1a,-,,Clint Ratkovich,RB,ATL,2024-05-20
0c36663b-4ba8-4591-afa5-1f7014d6bb1e,0db3d9ed-14e9-46c9-b8ca-d3c65e6e3108,-,,Alshon Jeffery,WR,,2024-05-20
0c5c3a36-1f3a-43fd-86ab-0c2efa632a30,29e0b27d-067c-43a6-b8cf-5fdbc4be25ef,-,,Dustin Crum,QB,,2024-05-20
0ca29ead-f148-49b8-aaa3-42511f10d39f,6758f938-5094-43ce-9c6b-e82e4f546a9d,-,,Tyshaun James,WR,,2024-05-20
0cab5839-9b02-4f7b-9b7d-d27fdc94675e,703faa63-9cfe-4bf5-95a7-f92019fbb26a,-,,Marvin Jones,WR,DET,2024-05-20
0cd647ac-5c42-414a-8ad4-7414c6b56a59,180922c2-7aa3-4d94-9030-8af0be7f7479,-,,Marqise Lee,WR,,2024-05-20
0cee6f8d-f36a-4664-a615-9da32bde8e14,7ca8cb1d-4dff-4015-94e4-45ce09087af7,-,,Keilahn Harris,WR,ATL,2024-05-20
0d375464-07cc-465a-9fec-acd8ff109242,6888c910-b77f-4084-93da-235cb0e3e5cf,-,,Jirehl Brock,RB,,2024-05-20
0dfa0e14-1f33-4401-88f5-7bc4f7a3b284,d0aa9c34-848f-4ec4-a5d4-cd2c6d6ea92a,-,,Jaydon Mickens,WR,NYG,2024-05-20
0e45467e-e4c7-42cf-975d-67d0ad2bfe8b,e0bdd2a3-6355-4055-9343-efcbf2c2234f,-,,Philip Rivers,QB,,2024-05-20
0e67148e-91f7-493d-baf6-a745149c2a83,8b680d66-011c-4082-98cc-8d4b5edd5bd4,-,,Jeff Badet,WR,,2024-05-20
0f21a402-fe18-486c-af07-ac930655ce02,0357a12c-e7e4-47c4-bd88-440f21a6edc0,-,,Gary Brightwell,RB,NYG,2024-05-20
0f5c95f9-5c7f-4369-be4e-d6b8377da8ff,3d335d79-3e45-411f-8961-a663be0fda19,-,,Juwan Green,WR,,2024-05-20
0fd0df4b-babc-40e8-8ecc-3618fab35abc,36f65adb-80cc-422c-ae7a-65be37ca8a0a,-,,Omar Bayless,WR,,2024-05-20
100887bf-0e49-4d8b-8a53-7c68ac92ba76,9735e849-ac4b-49e6-800b-4003bb285691,-,,Caleb Scott,WR,,2024-05-20
101b5eca-3c91-4709-8ca1-709647028f95,39a845d2-bdef-4d89-8ae5-acf2e12ec18b,-,,Kevin Rader,TE,TEN,2024-05-20
102da8eb-b6ee-4711-a7a7-56e9502d7520,d4657d4b-d55e-4757-afd4-c15fec23dbc1,-,,Devin Gray,WR,,2024-05-20
10302116-5ac4-456a-8247-8ee85fd570a9,6ddbe962-d398-4135-89b0-2395b8a6f5e0,-,,Dee Wiggins,WR,,2024-05-20
105f6bb5-7097-4e57-aea1-673a11243c5c,26c25924-e0f2-46de-a075-d7183a5efb71,-,,Josh Rosen,QB,,2024-05-20
1061a57c-2253-4154-b310-1c8ea2b69285,df93c7ca-3422-4fe0-b359-d98904b6024b,-,,Jarek Broussard,RB,,2024-05-20
1062c5c4-6820-4fe6-97cb-b77e96b65bcb,2e6bc014-38ab-4d5e-9dbd-5ea00d40b743,-,,Ronald Jones,RB,DAL,2024-05-20
10d6c372-d37e-4b5d-86de-85f397d673ab,8465d200-efe2-4fb8-abdf-648e28af2be2,-,,Jalen Virgil,WR,DEN,2024-05-20
10ef6f3c-382e-458a-a42c-7607eeb3f6b3,60d6446b-9919-472b-b01a-49de8e7739b4,-,,Javon McKinley,WR,,2024-05-20
111414db-5aff-4834-8337-b0d3d0074a7a,bc2f280a-707a-4eaa-9979-0d7d64b219ad,-,,Avery Williams,RB,ATL,2024-05-20
11ec0a95-74e3-4e00-9916-300fb1dfb462,48684149-7bcb-4d29-b09e-84d058c97d22,-,,Jaden Walley,WR,,2024-05-20
1222095e-f697-4ad0-bee8-39a1c5143e40,26ce27f5-babb-4cb5-a39f-9a89c416b69e,-,,Max Duggan,QB,LAC,2024-05-20
1238f680-5150-4265-827d-a77361e3e7ff,ba498ad3-9c0e-4323-91ea-ca44ec10675f,-,,Kemore Gamble,TE,,2024-05-20
12542228-980f-4b7a-903f-959fd3b3a9bb,71d636d7-4e21-424a-af63-4bef2402f4f4,-,,Frank Ladson,WR,,2024-05-20
12a37d06-91dd-435b-9b9f-6d4437f14204,eba1eab7-6959-4a4d-9f69-4d7a01499198,-,,Pharoh Cooper,WR,ARI,2024-05-20
12c1a0c6-8d3d-4449-8a84-dfa8f39bea04,9eeabb9f-2fa4-452e-9e92-2a3168fcad1a,-,,C.J. Prosise,RB,,2024-05-20
12e40ff5-2e4b-44c5-9f5d-91ef883df330,547e9dc9-cc1c-4c89-a249-1964c558e5e4,-,,DeAndre Torrey,RB,,2024-05-20
13a323df-0b64-4df7-b507-002a27f464f3,7b77ac72-1b2d-4d0a-a4cd-964b51df4228,-,,Gary Jennings,WR,,2024-05-20
13e2e136-cb1e-4c61-bd34-63ae9620a8f7,80dacfd1-5a36-4c0c-a5ee-f64030110476,-,,De'Montre Tuggle,RB,,2024-05-20
14752c17-5feb-4575-bd0b-b1173e4b45d2,ff8f8cd1-ff73-474d-9a1b-2a58f77d3e89,-,,Kalil Pimpleton,WR,NYG,2024-05-20
14a58738-13a7-4668-b9a3-8bc52f778d3c,a2b12de4-75d1-458a-837f-bdc2f54cd988,-,,Mykel Jones,WR,,2024-05-20
14c13854-f620-4475-a8a0-358411094c46,91825171-c173-4090-a2a4-b8ce15b17be2,-,,Stephen Carlson,TE,,2024-05-20
14cf4dcc-127c-4433-a65a-2c145b70d7fc,b3ee5ab3-07cf-4392-b932-5bac35990401,-,,Thomas Ives,WR,,2024-05-20
152319d7-4194-4aa3-ac29-1d6e07ac5181,a8ac601f-1b6c-493e-a8c0-a980a43547f0,-,,Alex Armah,RB,WAS,2024-05-20
153c3de6-ad13-4af0-bfd8-59236aebc03b,6b69ccdf-9c3b-4352-8f24-b106f8ea4448,-,,Rodney Adams,WR,,2024-05-20
155acaee-8569-4100-8756-097a0ceb195d,8a790d8d-4c22-4d68-be82-c4c7fc8c34e2,-,,Jyaire Shorter,WR,,2024-05-20
155f88de-c6bd-484a-9783-876613ba6ed1,681c5989-5f28-4645-955e-dfefb0e221a1,-,,Duke Williams,WR,,2024-05-20
15b6210a-beb6-4199-b2cc-54b14a63bb52,322ad23a-7a5a-4740-9b2e-8e6a9f3bfab8,-,,Erik Ezukanma,WR,MIA,2024-05-20
15b71244-5506-4347-8d01-031a591ea0e7,deb8afc0-af2d-4d40-b2d7-cb9b3c405e8c,-,,J.J. Taylor,RB,NE,2024-05-20
15b9b92d-6075-4d83-8cea-62f6afea780a,56af9ed4-c687-48f4-9768-3cf32c29b146,-,,Samson Nacua,WR,,2024-05-20
15d2f591-1952-4d46-9c22-0fb09b012d22,3e40dfb7-be60-4cd5-8304-75a914d243d8,-,,Jared Scott,TE,,2024-05-20
16358d9f-4559-45ae-9f66-89a3ba75b681,feb1f875-1f50-48ca-93c3-e7041881a5df,-,,Andrew Vollert,TE,,2024-05-20
16eddc6c-af19-4320-9bc6-ed90dc4bdbd1,67ffa59d-ad0c-4de2-b47b-a28ec3fcd7e8,-,,Mohamed Sanu,WR,,2024-05-20
17259766-3dd1-481a-9272-d79d071ec103,fedef765-e0cc-42d8-954e-71945c76995f,-,,Anthony McFarland,RB,PIT,2024-05-20
174b46e9-f5ff-454c-816e-b5a7e5d01edc,5ee76919-a3e7-4196-8a93-b9707e52f51a,-,,Josh Hammond,WR,,2024-05-20
17672dfc-d8e9-4a37-b85b-225859f3be73,19e2fd6c-849d-40ee-b38b-9cf27105cb95,-,,D.J. Foster,RB,,2024-05-20
1789c9c3-cfea-4b07-990b-a22347d9dc31,fc16fd20-4937-4cd1-ac82-9b6b15e25a9c,-,,Josh Johnson,WR,,2024-05-20
17913118-53a0-4bc2-b5e6-8d97b3d9e894,f448c37b-a82a-428c-9d58-c6958f8b478e,-,,Jaret Patterson,RB,,2024-05-20
17a63b6c-a436-4f3f-bd4a-d9c0bdd7f6cf,2b6e3345-4b9b-47eb-be5c-bf20670e3ed0,-,,Jack Sorenson,WR,,2024-05-20
17cd1977-56c7-4841-8ee9-c286f604662e,dbdede05-a91e-49cc-bb9a-21b0fa31f07f,-,,Ishmael Hyman,WR,,2024-05-20
188e77ae-0f05-47b4-9960-5a42f9ac6673,65a0f3f7-89ae-4a9e-a1a5-137e68f9a245,-,,Cethan Carter,TE,,2024-05-20
18bde571-7cdf-415b-b705-9610f51e712b,39288ae9-a4ca-489f-9d5b-2e4c15870222,-,,Damion Ratley,WR,,2024-05-20
18d052be-cb20-4f93-9f0c-6c337400eafa,1d1deedb-274a-4dd2-8658-f143dfcaad2d,-,,Quartney Davis,WR,,2024-05-20
18e296da-9321-40f0-9391-92c2e7c64a78,b3bb8637-2341-4f4b-af01-22c8e6cb9e87,-,,Richard Rodgers,TE,,2024-05-20
194d0166-1559-4802-8f0e-264ba7d1be28,a8bced42-ca33-4e71-9315-6959987b65e1,-,,Josh Adams,RB,,2024-05-20
19735687-3aa9-4f5a-a4bd-bad252812d4b,714c794c-5785-46de-8fd0-1ad03d48f2f6,-,,Tyler Van Dyke,QB,,2024-05-20
1a233837-1c7c-4749-91d5-5345c9c5a2f3,d983fc9e-1bdc-4bbc-b4cc-c210d38cd163,-,,Mark Vital,TE,,2024-05-20
1a509ea7-7653-4172-b99e-0a2683be0fc7,605ace8c-bd72-4b53-9437-3755d355d3d8,-,,Austin Walter,RB,LV,2024-05-20
1a5b0940-6c5d-4764-bb2d-827493fb9d72,d6eb57c2-1fb7-45ad-9537-e2a559ef0381,-,,Greg Olsen,TE,,2024-05-20
1a6ccb79-5d69-4253-bfd5-628749ea53a3,4923b8e8-23fa-4436-b8b3-79f561d04da0,-,,Kekoa Crawford,WR,,2024-05-20
1b0dd5c0-ec86-435a-9713-33bd0ee9d703,c9aed2e9-f389-4dec-b7c1-8eb42b44862a,-,,Sage Surratt,TE,,2024-05-20
1b23e9b9-89e2-499a-b179-3000033fc395,ba4bb100-459d-4c8c-9d91-2e4194d27806,-,,Jacob Hollister,TE,,2024-05-20
1b534b07-2ca5-4fc8-8666-f38764466405,fc483913-ce8e-44ac-a202-97bef687dc1a,-,,Troy Fumagalli,TE,,2024-05-20
1b9db0f9-5390-44d1-bf7a-58a94c950fa6,d5d89b65-afdd-43a6-8ef3-5af0d35790ae,-,,Troymaine Pope,RB,,2024-05-20
1bf354ae-8787-48f8-a0c1-0037a5710d63,3b527565-bc5b-4659-9480-559d64eac2d3,-,,Geoff Swaim,TE,,2024-05-20
1c219dbf-87c9-496b-9e67-774e7336e6df,fb1644db-456e-4a54-ae59-d098698f13e7,-,,Luke Willson,TE,,2024-05-20
1c776bda-5694-445d-bd14-0a0c3557af1a,878aad5f-c243-4060-99d4-3dd62c5e7d3b,-,,Zaire Mitchell-Paden,TE,CLE,2024-05-20
1c7c9bd9-71a7-47f3-bcec-e94d2989a81a,83a9a8c5-ef3d-4d3a-acf3-e8ba9a94ffd5,-,,Amara Darboh,WR,,2024-05-20
1c917c01-50dd-44e8-8850-03251b8be3cd,c9dad709-dccd-4bb6-a5e2-08aa18778a42,-,,Carson Strong,QB,,2024-05-20
1ca288e0-1b18-4caa-862b-9b014bad86c6,53533345-62ef-423a-9fda-d72a41aa2b9b,-,,De'Quan Hampton,WR,,2024-05-20
1ca984ff-10c2-4277-b19f-cdf1bd701fa1,16c96332-6b0d-48fc-a054-0fe191422dc6,-,,Easop Winston,WR,SEA,2024-05-20
1cf03cfc-1313-431d-bf25-896fd8a2ed5a,9f088098-bbd7-416b-afdc-888951372229,-,,Bug Howard,TE,,2024-05-20
1cf756b3-cdea-4760-8472-0fdd42d2a4a2,88e8a6d1-fd86-46db-9e4e-0eb5b8fbf823,-,,Mitchell Tinsley,WR,WAS,2024-05-20
1d107194-8396-4914-be55-a85a64c50205,0f50cd38-095f-4059-94ef-3376425ee580,-,,Stanley Morgan,WR,CIN,2024-05-20
1d11dd5a-88b6-49a7-84bb-bb5e8e9d9d04,acaeb741-e49c-4e90-8b73-455d7f1e920b,-,,Victor Bolden,WR,,2024-05-20
1d2df8f5-1524-4650-aeda-4b9904ab18dd,abf841ed-b694-4010-9d61-0dcac4635f15,-,,Malik Henry,WR,,2024-05-20
1d38a8f7-edee-49bc-885f-f3660225e88e,d2f5bcf0-9978-4d7a-bb02-596b29d99f77,-,,Luke McCown,QB,,2024-05-20
1d4c6776-b29e-4877-bede-ce220ae5bc74,aa885acf-9662-4330-a52d-998024ea4b7f,-,,D'Eriq King,QB,,2024-05-20
1d5c6bb7-a8f8-4377-adab-a4a00748e914,3fc4a845-8aa8-411a-883c-a2ba19b66c1d,-,,Brenden Knox,RB,,2024-05-20
1d61ad1f-7420-4638-b152-ee93db21de2c,05d98712-5287-44bd-8fe6-5a691fbc6d18,-,,Jesse James,TE,,2024-05-20
1dc7c4b4-db7a-48cd-b5db-07347904dd2d,9058735f-67b1-4bc8-9dcb-ecf95d5f7ad1,-,,Caleb Wilson,TE,,2024-05-20
1e2af40f-fa1a-4b82-b712-b494d436a95f,7c0893a1-8af4-430b-9b4e-d3e1e47cb5b4,-,,Laquon Treadwell,WR,,2024-05-20
1e8d8d51-1dad-4d5b-9b77-88f632fecd1c,5318d6a2-e07f-4116-acc0-3e11c8662df8,-,,Brennan Eagles,WR,,2024-05-20
1ece8ba3-cebd-4bbd-a46b-9211c7644e74,71dca0dd-f47c-4514-b09e-7db0d48628bf,-,,Chris Thompson,WR,,2024-05-20
1f03d235-cabf-4d57-bec4-8a8da595e6a6,12416569-f6da-4bfa-833b-8633c76ce9f9,-,,Chris Herndon,TE,,2024-05-20
1fb06035-5ba4-43e9-8c59-e5dfe065bed3,918ab67a-1643-4091-9106-1e8099e6a35f,-,,Travis Dye,RB,,2024-05-20
205ce3b5-3c37-4fd8-af6b-8f29d47abdf7,fd5802df-0621-42f5-98f1-a006f32815ae,-,,Charlie Woerner,TE,SF,2024-05-20
207cdb9e-7aab-42e7-9983-0efa6e38b359,3bdbec18-8bad-4d9b-b172-2fbaa2e7a521,-,,Bryce Ford-Wheaton,WR,,2024-05-20
20d59968-5b1d-4f8f-a5ad-231c56de61fe,7c35e934-a10c-42d0-8444-f7df484fa658,-,,Dai'Jean Dixon,WR,,2024-05-20
20db3573-a388-4f5d-b213-76cb75857c35,53ce2974-1b1b-4b46-bef6-236d2dcf0858,-,,KhaDarel Hodge,WR,ATL,2024-05-20
2112e646-c106-40d5-8788-61029b274168,714d5c65-5248-4e1b-97db-fb6a32344d5f,-,,David Wells,TE,TB,2024-05-20
213bb700-9e5e-4893-b8cc-367026c54ef1,bb43c344-f740-4606-8675-80585a80a3fe,-,,Allen Hurns,WR,,2024-05-20
21427ffe-21a1-45cf-826d-1927552d639c,23365bd8-fd62-4182-a848-f09f091463fd,-,,J'Mon Moore,WR,,2024-05-20
2157bab1-5917-4158-a36f-75d57bf72dc3,007f27db-0883-49fb-b11e-6d741346f648,-,,Stephen Anderson,TE,,2024-05-20
21b84440-b40f-4c09-a03d-2e8dcda85b7a,0d82ebbb-cdca-426d-b35f-b65a15ef5296,-,,B.J. Emmons,RB,,2024-05-20
22b833c6-7c3a-4a75-9e04-e80c60518db0,ba2a8c2d-b23d-48d6-9721-605e3e7d86b5,-,,Jamal Pettigrew,TE,,2024-05-20
23165fe3-8e58-413c-98a6-4b41a1bc04d0,272ee764-c3c5-499a-8974-9525ecc108f7,-,,Jake Rudock,QB,,2024-05-20
23398f87-694f-4cc8-9eba-6141a997e288,d3ecc840-8e78-421a-9c5f-5fe16c136e5c,-,,Delanie Walker,TE,,2024-05-20
2379d45e-cd9d-4736-80ba-43ca13cc2fac,8b13c6fd-ed6a-416d-8240-ca4186c987d9,-,,Johnny Stanton,FB,,2024-05-20
23efa57e-9bdf-4647-96d7-70be483c9b2c,e62fb788-c84a-4f00-8f9e-4bd1ffc730cb,-,,Curtis Hodges,TE,WAS,2024-05-20
24ad4c8c-cbdc-42e5-8ff5-393682b63442,12a25fef-891a-4105-a6a7-e277de5ebd98,-,,J.J. Nelson,WR,,2024-05-20
24da25ca-ccda-4319-b80f-804dc98dbad1,b39288f5-4cd0-4b68-99f9-bfa0d4762f39,-,,Josh Love,QB,,2024-05-20
2501b685-8952-46df-afc8-437241e65442,f405e727-07d8-4543-8a15-2809c34df04b,-,,DeShon Williams,TE,,2024-05-20
25633d10-500b-4e8c-9601-6d6c3da1a094,bdb7cfdf-6e38-4473-a169-c71b24bc8bf9,-,,Darrell Daniels,TE,,2024-05-20
256e9bac-93ca-427a-ae20-2fb3283397d7,9574a457-9584-4710-a7f4-fca7a8749ddd,-,,Chase Daniel,QB,,2024-05-20
264922fb-940f-4ff7-8fb1-42adeca3eed6,000dc558-35ca-4f5f-bc1d-30a1f010686d,-,,Carson Meier,TE,,2024-05-20
267d11c8-d0e4-40dd-be0d-2dc6679ddd98,9e7b9f41-6407-4fbb-aa71-30344efb750d,-,,Andre Roberts,WR,,2024-05-20
26ad3468-94cf-4405-a035-61e95df96c1b,39a70502-ba1a-4ade-bfc8-bf1a3d987361,-,,Jontre Kirklin,WR,,2024-05-20
271b0007-2e43-4332-9e77-79fcb2b72539,ac67e18e-85a1-451c-b970-22574e095cd3,-,,Jordan Wilkins,RB,,2024-05-20
27d46fe5-4a2c-4770-b9de-b7e376b54597,69f276bb-73d2-45d9-8664-7f923fe0b013,-,,Landen Akers,WR,,2024-05-20
2815bea3-d66b-4bc5-91d9-babdb60ae10f,74be3bd1-6270-4552-8469-256c8f936cfc,-,,Rysen John,TE,,2024-05-20
2821903f-be39-42e4-8e85-8c701549f309,0a971044-f280-4894-96c8-df7481fc53a5,-,,Jake Fromm,QB,WAS,2024-05-20
28688943-798b-4122-a1df-3b484a73083a,6b3031b7-9573-45ec-af34-893b13eecc64,-,,Taquan Mizzell,RB,,2024-05-20
28bc898f-013b-4585-861e-cbf5a70d7834,fddad2cb-d7c1-45ba-ac45-14bc4e30bde5,-,,Brandon Bolden,RB,LV,2024-05-20
2931d9bc-5f54-442c-8a2e-45f358b9eb49,38c35522-5e04-4732-bd09-28b685c078c5,-,,Tyler Snead,WR,,2024-05-20
294543c8-b617-428a-8d84-7d4024880891,d47ea75e-9bfd-45b0-bf3a-30d553804382,-,,DaeSean Hamilton,WR,,2024-05-20
297e601b-68c3-49c1-9cb2-9764df3bc3d4,6d7acaa9-2b5c-4380-ae79-69fa8decc306,-,,Jequez Ezzard,WR,,2024-05-20
29823e15-0771-4604-944d-985b87e0d412,57be2de1-9750-4c92-a330-b490c7362c0c,-,,Jermar Jefferson,RB,DET,2024-05-20
29cb0540-0af1-4821-b08e-02445a3527b9,3509fb2d-290e-463e-a200-91811aeaa68f,-,,Duke Johnson,RB,,2024-05-20
29dc752b-9fee-4f39-bac2-5e73b466816e,b2c597cb-afce-4dfd-ba31-275b86dcf795,-,,Damien Williams,RB,,2024-05-20
2a0ce7e3-7180-4f9c-ac72-e6703c79fa18,9d2e1af1-6b12-41ff-9ec9-a45d564a7e9f,-,,Ross Travis,TE,,2024-05-20
2a14c5b9-8e9f-45af-9b3b-7d48a543793e,5015aead-f8b4-419f-a711-517786575595,-,,Caleb Huntley,RB,ATL,2024-05-20
2a273646-3a47-4388-a878-05167f0306a1,7565ecc7-a461-4a04-9766-4176c9fbf6fc,-,,Devin Funchess,TE,,2024-05-20
2aac3c56-3cbc-4085-a7a5-fe00091774a8,3b55e8f0-5c8c-4feb-82d7-4d59b3bc32aa,-,,Tanner Morgan,QB,PIT,2024-05-20
2af57e22-771e-4090-8c1c-1b8699dcf047,8ef91a78-aa05-4d00-bf68-633ed43a39e8,-,,Auden Tate,WR,ARI,2024-05-20
2b3f9763-aeab-4de6-9768-c7d8925101f7,311163e8-901f-420c-a5c5-54b5ae779e3b,-,,Jeff Heuerman,TE,,2024-05-20
2b831dd5-fa14-47d2-835a-b14069d9b3d8,768bff0f-e966-471c-a81f-183b6958c751,-,,Tyrone Swoopes,TE,,2024-05-20
2ba0afa0-e336-42d7-8c94-346ce80ee813,e1356672-a81e-420b-8817-c4f988c92ce5,-,,Drew Brees,QB,,2024-05-20
2baf4cf3-dd06-48d4-877f-c2e22625aa03,60dcdef4-1d59-4be2-a89f-566c115911d1,-,,Evan Baylis,TE,,2024-05-20
2bd57ea1-9d4b-42f5-b0ff-ec57973106bc,03ad4562-e446-443b-9ff8-7fecbd15ddc8,-,,Ryan Izzo,TE,,2024-05-20
2c47c257-773c-494d-8a1a-b289464f35e8,de3aa862-92f1-430e-ba20-bb079f1591e8,-,,Nikola Kalinic,TE,IND,2024-05-20
2d0c7313-441f-4250-8020-5ce4222c0185,91fe021a-8546-4296-b65b-fd9a2022b516,-,,Jerreth Sterns,WR,,2024-05-20
2d70bcf2-0ad4-4afa-9f73-64dd52daac7f,3cc9555c-7f9f-42bc-b703-a64b3a1709fc,-,,Lynn Bowden,WR,NE,2024-05-20
2df0c805-16e5-47f6-a084-93d3744fd6c4,0337e1e5-e3b9-4dd6-9e84-b9d6237aef6f,-,,Zach Davidson,TE,BUF,2024-05-20
2e54dfb2-a897-4301-a874-1d29aa32e9ee,ce5abbd2-a799-4ed2-a02d-e33aa13c59bd,-,,Anthony Johnson,WR,,2024-05-20
2f431163-2704-4008-b610-ab9b7681a829,4c021acd-a3d3-4954-8248-8ba860e04054,-,,Fred Brown,WR,,2024-05-20
2f4a8518-f732-4f0d-894c-217cd349f132,a6a971eb-0583-4022-bd98-9775fd296456,-,,Demond Demas,WR,,2024-05-20
2f5fd02a-be16-4c42-a220-eaa06f5e14c3,d7e7fcc2-d427-48fc-809f-b0d79c8b799c,-,,Jalin Moore,RB,,2024-05-20
2fa30ffd-b3e0-461b-ad71-016e037c8d5d,55590b7f-779d-479e-bb2a-205bf5e78bf5,-,,Damion Willis,WR,,2024-05-20
2fb5c536-d957-483f-b712-78d5d0110bef,302d0222-48b9-478f-8578-add84596e687,-,,Blake Proehl,WR,MIN,2024-05-20
30565cfc-fabc-4244-b8f7-6f62ccb72973,d99ddb4e-ac8f-4244-9124-8e0f567a4f3e,-,,David Johnson,RB,,2024-05-20
306cbe2d-ca76-480b-8f99-d9c197537735,671f9989-f469-43a6-a7df-5ffc3e3c1469,-,,Justin Hall,WR,,2024-05-20
3077c4f0-5d0b-440d-aa66-1a00078aeae7,8a3c1010-e655-44b2-961b-be21c6582ac7,-,,Pooka Williams,WR,,2024-05-20
309720a6-cf02-4d93-8627-8841502822eb,92e4fdbd-608c-426d-a4a4-e29c5a9243a3,-,,John Hightower,WR,LAC,2024-05-20
30db52a9-693f-4759-8c13-599acf92ec58,bb3b8500-a070-444c-8ef8-8105f87b26ee,-,,Ryquell Armstead,RB,,2024-05-20
31170831-c137-4363-982e-a1f91659296d,5f5b4fbb-fcbc-4d9c-ad98-093450d2daec,-,,Corey Coleman,WR,,2024-05-20
313e2ec4-a584-47c8-9ce1-c6f69c5f26b9,0c0df20f-709a-408e-99fd-8cfaee14d56a,-,,P.J. Walker,QB,CHI,2024-05-20
3176c9ca-39a4-4657-9470-ee3dbfd1cabe,5119d00f-e25f-4bdc-8912-cd7e13dc581b,-,,John Hurst,WR,,2024-05-20
31dfe3ae-6bb5-4aea-903d-7bbac39620d8,553e2636-229b-4883-a698-409180e408d8,-,,Cam Sutton,TE,,2024-05-20
321d328a-c87a-4adb-a772-686101230da0,37be9929-2955-41cf-bb72-646ab62987aa,-,,Sincere McCormick,RB,LV,2024-05-20
32509210-9c86-463d-8a5f-a16a768f999a,347045ad-6c1f-4e20-b6ad-efa36cfd5920,-,,Taywan Taylor,WR,,2024-05-20
3268f398-81dc-47a6-bc23-0d564ab50f63,ce7719f5-768a-46ad-805a-4f76ac07931b,-,,Nick Foles,QB,IND,2024-05-20
32e935bc-784a-4017-84b8-8f7d9551c88c,dc05839e-c96c-4dc1-b974-58a9a5b7c5a1,-,,O.J. Howard,TE,LV,2024-05-20
3309f967-8f11-40d6-bf93-0de516d1219c,6da5084f-0f8f-4a85-8cc1-e4d3f67e109d,-,,Travis Fulgham,WR,,2024-05-20
334a0713-3597-49af-805a-ba3d351df693,e7196a07-4d7c-49e0-b67f-1a04815b2d98,-,,Ty Montgomery,WR,NE,2024-05-20
334c5914-4fc4-42fb-8f9d-df58bd2c2e0b,8289e52a-8952-4672-a5fa-ca2179986b26,-,,Jason Witten,TE,,2024-05-20
33911e9c-48c8-4793-a5b9-3c16b091ae14,ed501533-5aa3-43de-b1e0-3f6d0d5e6a0a,-,,Marshon Ford,TE,,2024-05-20
33f32658-b6e9-4040-92cc-472110461b15,74506ba3-05c6-47b0-854a-27b40be64bd3,-,,T.Y. Hilton,WR,,2024-05-20
347de6fb-db22-4e4b-809c-fd257dc8ec52,49a49804-6eed-427d-a1a9-309cbbd46d6f,-,,DeShone Kizer,QB,,2024-05-20
34801184-574d-4246-a85c-8259aa8f8342,dcf46004-4009-4b32-8e6f-1111c0038b15,-,,Deon Jackson,RB,IND,2024-05-20
349e607d-1e90-439e-a2c0-dd934dd9e85c,ad974ca0-9a05-40ee-aeb0-71d0a96164d4,-,,Godwin Igwebuike,RB,,2024-05-20
34d2c3d1-ffdf-4b36-9857-bcdbafe27c65,65797461-98dc-462d-b32d-f158227ca18f,-,,Darius Clark,RB,,2024-05-20
351160cf-608f-4985-bf57-7740309a847c,958ecf3b-9a1d-4a7a-ac7b-849e8ede746c,-,,Willie Johnson,WR,,2024-05-20
3554bcaa-5106-4cda-991e-b5877214bc79,ab6961b9-a7df-41e4-bccc-4e36bd292cff,-,,Temarrick Hemingway,TE,,2024-05-20
3572fbda-da2b-47da-9bc6-0d02942a528e,9fd55604-195a-45ae-a62d-62fcbe6f6591,-,,Bryce Perkins,QB,LAR,2024-05-20
35e792cd-4405-4551-a095-905e1db0b4cf,72488b08-79c9-4841-be85-803551ebad76,-,,Isaiah Wright,WR,,2024-05-20
362a81ad-9d79-4f1a-9405-16e887e9e6e7,87c4a336-bfd7-4423-a441-a2f7601ffdbf,-,,Carlos Hyde,RB,,2024-05-20
36b73cdc-93b2-4c38-8678-4e65ae00e28b,ddf60423-df8c-4152-88ae-3c14a03c8639,-,,Bryce Love,RB,,2024-05-20
36ca0a94-cd54-4035-9686-227e037f263c,5df6c28e-255a-4a53-92fc-53af23fb7b9d,-,,Sean McKeon,TE,DAL,2024-05-20
37915904-5dd0-400f-8191-71eb92b15e41,895f4033-f2cf-432f-ab88-aa51c82b19fc,-,,Keric Wheatfall,WR,,2024-05-20
37dcd7ff-733d-4beb-8f00-de2e6a78c793,46a279d9-ac20-47bc-99d8-8381419ed7eb,-,,Binjimen Victor,WR,,2024-05-20
380d4da4-4f66-471a-a495-56ff8bcfd153,7fee807d-be87-4220-b14d-e696e5505989,-,,Travis Vokolek,TE,BAL,2024-05-20
38b95efa-fac9-47eb-8f2a-0635b8ee61ed,2c0f963b-141d-446b-806a-0e603b8a4a40,-,,Chris Thompson,RB,,2024-05-20
391453c7-0153-4385-8a60-43ee7399a062,dfc4935b-159c-46bc-b9cf-2a360c5bca64,-,,Kendall Hinton,WR,DEN,2024-05-20
3940ba53-584f-4038-bab8-c69f20f6bfb8,4e280c41-4fa0-44de-ae1d-15630f870d9d,-,,Charles Jones,TE,,2024-05-20
3976f55f-af51-4595-988a-e8a1e1e07e3e,7111c1ba-3897-4716-a989-8027d29f0ec8,-,,Dallas Daniels,WR,,2024-05-20
3989fc1f-6dbb-4e0a-ac69-aa59b1e856d3,2ea5b21c-573f-4502-b23e-8ce2a97f1b47,-,,Will Grier,QB,DAL,2024-05-20
39b11789-1350-4649-bf3a-c1ff2c77b3a7,0c852a6c-8476-4294-bf94-83578d326bfc,-,,Tyron Johnson,WR,SF,2024-05-20
39ce2cd1-70d9-4742-9aeb-1b341c195e45,3bbf88ce-3649-4fe3-b321-b2026d2e20e0,-,,James O'Shaughnessy,TE,,2024-05-20
39e2a384-502d-4538-a83b-2ecfa847ae73,8cd958e5-1a31-4200-af0f-706c15f35aa5,-,,Daylen Baldwin,WR,CLE,2024-05-20
39f4c5b3-b15c-40cd-b4a2-e0f46149082b,e619aeec-c7b6-4cd9-ad14-f93c5889dd0c,-,,Lamar Miller,RB,,2024-05-20
3ab62251-3626-478f-81b9-117cb700a981,c7c2c860-0909-4631-a237-d8a0175f7677,-,,Dontrell Hilliard,RB,,2024-05-20
3ac55fb4-c231-4f36-ae2e-b1aaf1c49bbb,dd6a5a18-8593-4973-93ed-953596f226e3,-,,James Washington,WR,,2024-05-20
3ad4a5fd-362c-425c-b7b2-d53d5f0635e1,b1f4cb0f-ac20-4efd-a951-d8539f3d46b4,-,,Jordan Matthews,TE,,2024-05-20
3adbd789-e493-4020-b8b8-a0ad53645f14,3d05f6c2-c1ab-47a0-bc34-39da72eb3e0e,-,,Zonovan Knight,RB,NYJ,2024-05-20
3ae672ec-6848-452f-97c7-de4e1afbc029,81f2797f-b692-432d-b2e3-a0f897179e54,-,,Julius Chestnut,RB,TEN,2024-05-20
3b682c92-a437-4bb3-abc2-5ca0785a5208,2a6d0c8f-c6b0-4d35-8b3c-1fa49b5cd4c8,-,,Osirus Mitchell,WR,,2024-05-20
3b7bbda9-c7fa-4e80-96d5-60a5ce14a289,1e1040c6-edb5-4ae9-abf3-a12770c49fa4,-,,A.J. Green,WR,,2024-05-20
3bb35673-0556-4a5e-972f-e3fcdaae393f,ec772737-d207-4b0c-a276-96f8d3fed6de,-,,Marcus Santos-Silva,TE,,2024-05-20
3beab60e-f156-4c12-acbd-6a8dfc65b708,f9cc996b-fd61-4fac-80fd-d7e0eb80c7b3,-,,Dalyn Dawkins,RB,,2024-05-20
3c06ad41-7f53-4bd0-8dfa-7104a9258387,e454b9db-4daa-4097-b0bf-4547391d1141,-,,Isaiah Ford,WR,,2024-05-20
3cab6989-965e-4dfe-9436-4b6232548103,28ba2a9a-0600-4113-8365-9c8ddbb63c88,-,,Kylin Hill,RB,,2024-05-20
3cb3d848-12e3-4428-81a8-1c8523c5d113,a33efd64-d059-4b56-874d-ed237c484823,-,,Jaivon Heiligh,WR,,2024-05-20
3cde11bf-be98-42b4-92e4-31cff24f61e8,7ef01922-6d2e-48f5-b7e7-165535a9a60e,-,,Whop Philyor,WR,,2024-05-20
3d433b9b-16ba-47b2-9428-7b2d7b068d8d,13816c4a-baa0-45bb-a132-56122286b8d9,-,,Ryan Switzer,WR,,2024-05-20
3d76135e-010b-470d-a1f7-83ab70bb4f76,4997ad89-a397-489e-885e-aa2f83b92210,-,,Josh Ferguson,RB,,2024-05-20
3d7e0bbc-8de5-4f3b-9baa-7acdd6943528,452d1457-52c5-4a85-b017-5c9d1a6236b6,-,,Jake Luton,QB,NO,2024-05-20
3dbad6db-8059-496d-967e-a8a0e6465c84,4ac0b9a2-00d0-4719-901e-714a2f73dca4,-,,Neil Pau'u,WR,,2024-05-20
3e4a138e-fbd1-4235-80b3-65241442f38a,5b3149c2-1844-4697-a71b-df853c9d0ef3,-,,Jared Bernhardt,WR,ATL,2024-05-20
3e7b96ba-80ef-42ac-be03-61c6a5b4b736,a02d01f6-0760-4c97-8101-ea1e670af341,-,,Zach Gentry,TE,PIT,2024-05-20
3eef0591-dba0-4a84-ab5f-13298424eb65,786239f0-1d51-4b4a-8558-cd43db2113e9,-,,Michael Bandy,WR,,2024-05-20
3f200171-efaa-46ed-b5b8-41b30d51dc92,eae12782-d24f-4a99-8eee-7e189a629e37,-,,Tyler Davis,TE,GB,2024-05-20
3f2b941e-e9f2-4bd4-bc76-c66311bd545e,8d2e7f39-0543-4c93-bc3b-fe9bd7267ce5,-,,Patrick Ricard,FB,BAL,2024-05-20
3f4abcaf-d841-4655-bb63-9ae5d2282c8b,0539dc1b-a6cc-42d1-af41-3ece95e7c4f3,-,,Jalen Brooks,WR,DAL,2024-05-20
3f9b078b-f713-4f13-8d2c-57fe29be596d,95c6a77b-e53f-46ec-adfe-ffba1ed6c4cf,-,,Grant Calcaterra,TE,PHI,2024-05-20
3f9bb9aa-d272-44a1-8953-77786f17adfe,e5732f82-5e18-45ee-b8e2-4f716873dcb1,-,,Chase Allen,TE,CHI,2024-05-20
400a8044-8d25-4c7b-8ef6-f64da30a88c5,9453991b-18ed-4f93-9ebf-959f6024fc12,-,,Matt Landers,WR,SEA,2024-05-20
401961a1-70e8-4af7-af7b-1ce4e96ca61f,1551d6c8-e6ed-4a68-a3ab-c02179829a90,-,,Kwamie Lassiter,WR,CIN,2024-05-20
402bccef-dfb3-4920-b036-61cfe474d8ec,e3ef1ad8-55f6-4917-b176-3bb475d1b473,-,,Hunter Luepke,RB,DAL,2024-05-20
403ff4e9-7c77-4154-afb2-cc9148e3d1cd,1facaf38-e5d4-4318-b776-0eaf37e95321,-,,Tyler Shough,QB,,2024-05-20
405984bb-8204-4eb8-be28-f6b15e02a9a7,d09c7110-5c4e-4eb4-8b2b-5c9383bbc0de,-,,Juwann Winfree,WR,,2024-05-20
4067c04b-3bf3-4ab2-b8d6-86b4e55ff59d,3cac0082-1cf1-4c70-a35c-5d2f6438abb2,-,,Gabe Nabers,FB,,2024-05-20
407226b7-66a5-494c-8f8d-5930ba583e7b,f2ccd866-371d-493b-8239-f549ce43c594,-,,Clayton Thorson,QB,,2024-05-20
408ed5b1-24c6-403d-82cb-456fb3ebbd23,1c9e2972-45ee-464b-8f7f-735b34b21102,-,,Connor Davis,TE,,2024-05-20
40968c4a-50df-4086-9799-4be04585db2f,48b9f1fd-bcbb-476d-9ddf-610502310dad,-,,Simi Fehoko,WR,DAL,2024-05-20
41404195-906d-4569-8a5f-c0a9f97eba03,2c124feb-be5d-4ccb-9b9d-3b339b962c13,-,,C.J. Board,WR,TEN,2024-05-20
415ac25f-88be-4dee-8e94-c7b73cb902c1,a11b657b-4893-4bd8-9b4e-bf951554fb1b,-,,Deontay Burnett,WR,,2024-05-20
41b8f0aa-90bb-4eb0-9fb7-4c2dea950d76,4e4d58e3-d266-4d5c-9707-79a35e73cd8e,-,,Emmanuel Sanders,WR,,2024-05-20
41eb58f0-119f-48dc-89a7-87bd0abcbb25,7904a991-dcdb-4573-a127-143408dc0b89,-,,Dazz Newsome,WR,SF,2024-05-20
420aaed6-419a-4c7a-9d3a-5cbbaf8a4fb0,f12eabf7-9703-49dd-a362-fb53ad065745,-,,Matt Bushman,TE,KC,2024-05-20
423a1a02-cddb-40fd-bb1f-d3ddeb2fc33d,a7d6781d-daf8-4c35-8c6f-bbbb52fb39c5,-,,Nate Stanley,QB,,2024-05-20
423ce9d2-99f2-414e-b400-5efe6d429784,2542ceae-defb-46af-90cb-5edafffccab6,-,,Ben Mason,FB,BAL,2024-05-20
42a2f1c3-a7d3-4067-a737-72c33db3f45e,91532c07-05ef-440c-a5a6-c99bd98053d8,-,,Brian Hill,RB,,2024-05-20
42b97478-2d93-4ecc-9cc9-5916a5d78e3f,7406036e-65c3-47a6-ae31-8daf1b1d9f0f,-,,Tavien Feaster,RB,,2024-05-20
42dcc070-a750-4b85-8b15-2f6a18a097b2,285a5de6-f321-484a-8079-4763cc8a87b9,-,,Keshunn Abram,WR,,2024-05-20
42eb6f18-1462-4fa2-a4c1-499cd434cf91,2114725e-98bf-4a8b-8e81-1e2d2605e9f5,-,,Mason Fairchild,TE,,2024-05-20
42f1abeb-e3d1-4660-83bf-a44c79b2b350,178cd50f-4628-4ea1-9e6f-fdcc4ec4164f,-,,Jadon Haselwood,WR,,2024-05-20
43cadad7-8c18-4205-93fe-d34ffce2f7bd,264ebf06-cd78-40e6-a4d2-ebf384e8fa47,-,,Tony Brooks-James,RB,,2024-05-20
44823ff8-766c-46a6-a559-90e0c82f1c56,1917cbed-4f00-41b1-843c-b77effbf4fa7,-,,Dan Chisena,WR,PIT,2024-05-20
44940962-8ef5-426b-b196-417cffc3b568,b09279b5-72ba-439d-b384-4aedddc23b0a,-,,Chris Carson,RB,,2024-05-20
449bbd66-6c6f-4781-a78f-bd7a025a55a2,bb2ba945-13aa-4e9b-92ac-bef77ea13910,-,,Corey Clement,RB,ARI,2024-05-20
44b1f162-0f20-4f3b-b71b-2d5fe41d218d,d53dfdd0-6941-4ef4-aa5d-6042bf2c30e9,-,,Malik Turner,WR,IND,2024-05-20
44b4336c-73df-4765-a186-65319c5b19f6,8c96de65-f229-4f8f-929e-2fa0b7a2647c,-,,Austin Mack,WR,,2024-05-20
44f639b8-c2fc-4b06-b38e-64fce6e1a888,7ba348a3-0a0a-4134-abd6-bf86cea35828,-,,Chester Rogers,WR,,2024-05-20
451b61a7-a0be-4f78-ae73-c30bd7150ce3,dc2e3603-d50d-4e48-8af4-6a8d7c7446eb,-,,Daurice Fountain,WR,CHI,2024-05-20
4561a785-40d5-4cac-9260-362317b56c62,c089260d-fbfc-431e-ace4-bf719a3f97bb,-,,J.J. Koski,WR,,2024-05-20
45637c78-fd53-404b-a3c0-0c333613ca90,48c8c802-0daf-4222-9b17-85d092c54b9c,-,,Deon Cain,WR,,2024-05-20
45668a66-d231-4362-a7ba-7170d4dac36c,82ae129f-d127-4e46-922c-78e5decfee76,-,,Dwayne Harris,WR,,2024-05-20
4582b4ec-a51a-4ac8-90ca-e95d03fd3a2b,3078e236-afe8-4dd2-89eb-df7cd300437d,-,,Kristian Wilkerson,WR,IND,2024-05-20
459fdc1e-46cd-4796-81d0-bf046f939d78,9be599a1-d7a9-4d85-89b8-cb9b65597fdb,-,,Mason Kinsey,WR,TEN,2024-05-20
45e281bd-cabd-4781-99f8-81ef86db7980,ac1722d5-934c-4c66-a7ef-d4c56c007d17,-,,Tyler Ervin,RB,,2024-05-20
45f35a0a-5cbb-4ef7-b977-d7db396a5841,57568ab9-4003-4823-a575-693131b17eae,-,,Danny Etling,QB,GB,2024-05-20
46357258-1166-42c1-ae80-d9c7881b9547,bfefc920-6a2f-414f-bf8f-b82f6eca72ce,-,,Tony Brown,WR,,2024-05-20
46af0ec2-f562-48e0-abc8-13fdfeec728b,f2d57f80-c6a6-498d-93ef-9ea35e5bad4b,-,,Brandon Zylstra,WR,,2024-05-20
47249c7f-61a7-44b4-86b0-3358c0a08970,404cda46-98c0-4487-b0ab-a19233c9078a,-,,Jake Butt,TE,,2024-05-20
473dec66-f557-4db4-bf40-49edc2190e2f,354b136f-62e0-4b7f-a5c7-fbb3453366fa,-,,Robert Davis,WR,,2024-05-20
4741a64d-25b0-4f22-86fa-1b788b05c3a0,8f89c442-8311-4316-b6ff-c51deaa59d51,-,,Antonio Callaway,WR,DAL,2024-05-20
4771305d-26e9-4dd7-a071-31b24650796a,4b67d3da-148e-4bb9-8647-a3d3fda239a7,-,,Kyle Shurmur,QB,,2024-05-20
4803a0df-9ee6-45da-9d88-b3514905baa6,049a97f0-f34f-4208-b235-0eb900267d35,-,,Wes Hills,RB,,2024-05-20
48115d19-f846-41d7-ab29-06dcc7c7292c,684fc58b-2c49-4dd8-9b55-02df290597aa,-,,Byron Pringle,WR,,2024-05-20
4851aee0-f510-4869-85fe-62245f6efaae,cdfe17eb-960c-4d81-8bbd-ced3e913a1d0,-,,Josh Doctson,WR,,2024-05-20
48ecb0bd-b861-4716-a283-cd1dd008bc44,db6b7057-d2a0-4e27-8132-e45e6130d09e,-,,Codey McElroy,TE,,2024-05-20
48f39af1-3cca-4c82-8d98-fc54b49c871a,1277be61-08ee-476b-8c53-6d7c840ceeeb,-,,Josh McCown,QB,,2024-05-20
491028a0-f9b1-413e-9877-dc1e826cc79b,6717c6f0-91ec-41b3-8cd1-fa31438b6f71,-,,Greg Bell,RB,,2024-05-20
491ece61-a408-4cbc-80a2-8f91f1133d21,cbd44d70-a500-4e0f-8d9c-a1fa32183aa3,-,,John Ross,WR,,2024-05-20
4922ba66-a72f-441a-a49a-6ea2f338e717,a2863488-bba4-4edb-8012-4949639718f4,-,,Bilal Powell,RB,,2024-05-20
4980b844-b46c-46e6-b818-2074dca68f91,26a976ec-c0e5-4b77-926a-94077f668475,-,,Mekhi Sargent,RB,,2024-05-20
49998de3-4d4c-4cba-a9e7-412aefa58fb7,3739608a-97c0-4eef-aa3f-c39b049bd703,-,,Payton Thorne,QB,,2024-05-20
49ad9e0c-d98b-4af8-9d91-1c2704d5d857,6117e527-4190-469e-bab6-ef53a136deda,-,,Frank Darby,WR,ATL,2024-05-20
49b33471-a88a-441d-982e-0f97760472c6,6d9ec45b-8432-4105-87e1-325de43859ec,-,,Kennedy Brooks,RB,PHI,2024-05-20
49d28b06-babe-4d45-a5d0-dab5f97eedfc,c990eeea-570c-41ae-bf41-41fff2f30760,-,,Tre Harbison,RB,,2024-05-20
49d4ba66-e87d-4e35-a7e4-4c5920547dbe,a3f9e0e4-7e6a-490d-9858-911e65d39ab9,-,,Eli Wolf,TE,,2024-05-20
4a14d604-8057-4f3b-a1a0-9ad086d05eff,358e6b1c-92f5-4681-a446-238b520e599b,-,,Trevon Wesco,TE,TEN,2024-05-20
4a47e47e-9df2-4dc6-9274-0ad75cfbbb0b,68a43be8-4d12-4dc3-9cc2-df895a6d3938,-,,Tarik Cohen,RB,,2024-05-20
4a50961e-a968-47af-a489-5c66a7939290,f9a96cd4-aaf7-4d8e-98e9-6d9ba8060fd8,-,,Ricky Ortiz,RB,,2024-05-20
4a79cb78-7b64-4544-a82b-4280bd222e34,6bdca556-2005-44fc-92b2-d76c8fc07c0d,-,,James Robinson,RB,NE,2024-05-20
4abfd30c-4f67-489c-9c15-a8bd33330d4c,6138a0a8-55c9-4f5c-8c1e-38eed1b9a675,-,,Stephen Sullivan,TE,CAR,2024-05-20
4ac4b3c4-c33d-443f-a768-d460a47e4867,2c64580d-561d-49b4-91c2-253697751c4a,-,,Jared Cook,TE,,2024-05-20
4b045a7e-f5ac-4042-b8e4-79290424192c,e335d9fe-6f4d-4331-98db-849609ae5a66,-,,Ian Book,QB,PHI,2024-05-20
4b3b9444-7173-4670-98ba-d10c2df10c71,93a6cdca-350b-4f7d-aaf3-157e48f54cc1,-,,Trevor Davis,WR,,2024-05-20
4b5a9d36-7a88-4415-95f5-55df49a4b5ad,685e94d0-d26e-44b8-8c11-16eb1069d768,-,,Chad Hansen,WR,,2024-05-20
4b6787b1-b0a5-4904-a813-62ac2fe70b7b,82f724e7-398a-4875-baa1-c081991ff3d0,-,,Chosen Anderson,WR,MIA,2024-05-20
4ba2d1ee-0bcd-4316-977d-3058279356ee,15346155-dba2-4ccd-ac28-d5bde0a39715,-,,Kevin Austin,WR,JAX,2024-05-20
4bd3be1b-4dab-4e57-b21f-91e627abdf15,2fd96a3f-99fd-43fc-a1f4-e35dd0dfadb2,-,,Tyler Harrell,WR,,2024-05-20
4c1a0721-6c22-4d8f-a0ef-758eb25c8f04,1e5330c5-a525-46b2-8425-ed0895ffd2a2,-,,Shi Smith,WR,CAR,2024-05-20
4c4a58a3-c312-4458-8dce-c395b47a6797,e2821ff7-00de-40c9-bbf4-dbded9b17706,-,,Gabe Holmes,TE,,2024-05-20
4c5a8f9a-9745-42a8-b073-c01705be7731,34563ed6-4c32-415d-8dd7-d7204e553e83,-,,Alex Bachman,WR,HOU,2024-05-20
4c7f94a2-6109-4ba1-85ee-337781528853,0ba0de5e-caca-41f9-a071-4382f288736f,-,,David Fales,QB,,2024-05-20
4c82b750-439f-4735-99ce-6f09b923c9ad,e189462b-2d2d-4d84-81b8-8bbbec0b131d,-,,Danny Amendola,WR,,2024-05-20
4cb28469-c2ac-4ec4-873f-e62130b954b7,473028d3-4ab3-4cd4-8b71-a58f80ea8e4e,-,,Dezmon Patmon,WR,BUF,2024-05-20
4cb8f999-2547-465d-b638-c5637625e269,3f75318e-7db6-4889-8c47-87e0ef05217b,-,,Kyric McGowan,WR,WAS,2024-05-20
4cced627-d671-4ff1-9e58-417db51acb37,579bbfe1-4eab-4bf7-91b9-b3a46a68ed88,-,,Colt McCoy,QB,ARI,2024-05-20
4ce2b0dd-904f-4b2a-bc6e-9bc74d74aad1,0e4f63bd-f309-4c7d-824e-7e9472e8f5ed,-,,Rex Burkhead,RB,,2024-05-20
4d083997-16e7-41e8-a1b1-829297e1367b,c90bf5e7-3660-4ea1-80a6-e99a81246b89,-,,Justin Shorter,WR,BUF,2024-05-20
4d161b53-282a-41cc-8bf5-1b28862c7692,97d5a072-ccff-4324-b181-96b350a82b04,-,,Kevin Shaa,WR,,2024-05-20
4d6f21e6-2d8d-4661-bcfa-8a5b67ec1872,006501e1-af9d-40b6-a828-070b37ee31f6,-,,Geronimo Allison,WR,,2024-05-20
4da237ea-9c7f-43e2-ba15-b8a70197bae8,c20da9dd-e382-47a6-87d4-e33ab7a4d2ea,-,,Velus Jones,WR,CHI,2024-05-20
4e3e1e2b-c6a8-4086-a1a1-68dab9c273d1,760721a9-4772-419d-aa70-43be23889c45,-,,Briley Moore,TE,,2024-05-20
4e7b1c45-bb9e-4d0e-90e3-9d9447de4c7b,485e8990-f428-4f8e-9c25-f5b7eec580e8,-,,T.J. Yeldon,RB,,2024-05-20
4e87b9e8-cdba-438c-bdc3-dd2bd49c433f,e7fab696-cfff-40a3-9da0-39182abb2aea,-,,Tommy Bohanon,FB,,2024-05-20
4ec9d9ae-84e0-4861-91f8-5795e0afa322,d48f429a-edef-487d-a49a-2cc71ee83f6a,-,,C.J. Anderson,RB,,2024-05-20
4ee28dce-55fe-421c-94a8-ee185f911e7a,f46c3975-22ab-4710-8068-cd92e099c278,-,,A.J. Rose,RB,,2024-05-20
4f04d213-3418-4352-a070-f6f932a46242,3417a79f-466b-4272-942c-ebdbfaf85b99,-,,Miles Boykin,WR,PIT,2024-05-20
4f1013be-3b02-4bd4-9455-508898daf2ce,9606d993-49b4-4a2f-9f82-28a7e8d214b0,-,,Rod Smith,RB,,2024-05-20
4f29fc83-68a6-471f-ba07-3f3d5d311c09,5a8dfec6-a864-49ff-b02e-8c64192bce48,-,,Jace Sternberger,TE,,2024-05-20
4f4923e1-c8ea-4be9-b2f3-25b22e3bdee8,cece27d1-f761-4d7b-806d-728a053a3874,-,,Ryan Fitzpatrick,QB,,2024-05-20
4f4ff914-964c-4c8e-b375-cd541833a5b1,12763756-15d6-4fc9-beed-9648b636997a,-,,BJ Baylor,RB,ATL,2024-05-20
4faf5d20-3b52-4c22-b2a7-15712a8ef70a,dfae7416-023b-4d71-a89d-b52e203b2fb8,-,,DeAndre Carter,WR,LV,2024-05-20
505aa2de-1ec6-4348-b05e-0dedc8b72cf7,06b8ec36-1e24-493d-8a1b-f8c9d0b68b28,-,,Jake Tonges,TE,CHI,2024-05-20
50cd1bd6-90d2-4a64-a768-8627fc97c579,04350d49-ead8-446a-9fb7-7e9910989386,-,,Terry Godwin,WR,,2024-05-20
510cba76-57f1-497c-8660-2283d67a047c,a3b86b54-9648-48bb-a26f-293777e82a0f,-,,Michael Roberts,TE,,2024-05-20
511b0818-b030-46b1-a332-be9b69165f1a,a0b8375a-9a07-4ca0-86b2-9be58354a837,-,,Michael Dereus,WR,,2024-05-20
5185ea33-9a65-4fda-bc6b-e01fc7ddd783,9e2b4ca7-0859-45fd-8a14-a9f7505bed72,-,,Jaylon Moore,WR,JAX,2024-05-20
51bc80ee-1235-488a-9e3c-57aff9ed9c29,7f96e0b9-cb4c-450d-9980-9bb0475a84aa,-,,Nathan Cottrell,RB,,2024-05-20
520225e6-e8bb-4b8b-93d7-e98f2c3c3e5f,473427a7-5e4b-4ade-8737-ee3ec7becee0,-,,Antonio Brown,WR,,2024-05-20
5224cb69-3a94-4ef6-9b76-30cc29b4884f,5e6778cf-2357-4dad-a725-36eb83bf7486,-,,Dennis Houston,WR,DAL,2024-05-20
523e9c68-b82d-4b54-9c17-f095c6fef0e6,ebe88d63-b3c1-426f-8d1a-6dc0298a21b0,-,,Derek Watt,FB,,2024-05-20
52be3711-cf0b-4a59-a5ae-71969684057a,92339ab6-0f37-4744-ac08-ce550c528129,-,,Jason Vander Laan,TE,,2024-05-20
5302b24b-96e4-402d-ac63-9c4fd5bb42a5,8b84229d-3b1e-4fd4-9b95-1d2eb64eb0c6,-,,KJ Hill,WR,,2024-05-20
532eee03-cb06-45f5-a672-5f5eeebfbaff,60721c33-82a0-4102-a458-7c8aeea7a334,-,,Terrelle Pryor,WR,,2024-05-20
53310b36-fc68-467d-816d-001230b7511a,b54a400e-6561-473e-990e-8d28394fb779,-,,Chris Myarick,FB,NYG,2024-05-20
53847864-e3da-457e-b5ce-8e777c890737,8d2b76a1-5ba5-4874-8bed-69c49d9c5fa3,-,,Ryan Finley,QB,,2024-05-20
53f7e8f8-d295-418d-aadd-44693ad2006e,76e3d3fd-34f4-4a31-9bdf-2da6437773ea,-,,Calvin Jackson,WR,,2024-05-20
54bb3593-3b6b-45f0-8024-4e98ecdf71f8,ef44b171-1cde-4949-8a3c-411ecd79d3df,-,,Michael Jacobson,TE,,2024-05-20
54da143a-3769-4a0b-918a-52af74ae115c,91b36e3b-3cff-4ff9-849a-9771591a62a0,-,,Eric Saubert,TE,MIA,2024-05-20
55aafb00-f231-47fd-9f7b-45ab3469f64d,23869482-ff62-4bdb-a299-cff8c3137e46,-,,Josh Bellamy,WR,,2024-05-20
55c97347-caa0-45c1-9249-86eab0ec1146,8dc08a03-fff8-4402-91d5-b04a7233d8f3,-,,John Emery,RB,,2024-05-20
55e937f1-43ed-460a-929a-f8f6ee14fc19,f7ef84ca-e233-4d95-8f94-79cc6977857f,-,,Jalen Wydermyer,TE,IND,2024-05-20
55f9d5b5-e88f-47bf-9198-3eba53a96a9c,bbc2b540-8a00-4d9a-b814-1eec5e92c75b,-,,Alex McGough,QB,,2024-05-20
55fb36a2-36a2-47d0-8e79-411f91c67a08,863ce907-bb3a-4f6e-8203-1b2994d94480,-,,JoJo Ward,WR,,2024-05-20
5601b631-3a8f-44b0-b753-5ea0201094f6,12ac6463-e836-4942-84b3-f29eef3dafc6,-,,Seth Green,TE,DAL,2024-05-20
5603ed90-cdd6-4de1-bd3e-ce09b52f463a,22fa55f8-72bb-47f6-b40a-1f520d7ff858,-,,Paul Perkins,RB,,2024-05-20
562b832f-c191-4536-bbae-808ef2981bcd,2a83a9ce-e31a-4c62-97e3-38d0d3792916,-,,Frank Gore,RB,,2024-05-20
5631c963-e3a3-4c77-8fa6-595970ffff66,7f811b70-9341-444d-87f2-66f45c31c70b,-,,Jerrion Ealy,WR,KC,2024-05-20
563adcd5-5714-41d9-85f2-6c2a754623a4,5fe2b6f4-1d90-4153-bb76-f518698641de,-,,Reece Horn,WR,,2024-05-20
56509115-3fc4-42d6-bd44-e9b00d4e71ac,523d241f-a004-4939-b4d1-6dc813e03eea,-,,Chris Lacy,WR,LV,2024-05-20
56606bbf-0410-4898-88a4-34bd268b036e,528f425f-da83-4275-b479-03b5e42abec8,-,,Kameron Brown,WR,,2024-05-20
579e17fe-25d9-4026-85ec-1ab768b81527,27276d8b-19ee-4222-9312-9a83039f7427,-,,Trishton Jackson,WR,MIN,2024-05-20
57aa28fb-f335-4751-aceb-8808c5d0c649,5dbcbcdb-cdf9-4710-948d-9f5dfe2f91ad,-,,Todd Gurley,RB,,2024-05-20
57acdad6-57c8-424c-bf0a-4d66210fa214,30e9ae9d-a244-4ae2-8c2b-76ab3decbb0d,-,,Gunner Olszewski,WR,PIT,2024-05-20
586f0ce9-f7d1-490f-b8d9-6731c9fb0fb8,7e7a36b9-a57e-4654-8a6c-ffc14ae38f55,-,,Graham Adomitis,TE,,2024-05-20
589708e2-d776-4047-8629-9626b27d32f5,5d65d34d-ac31-470e-b257-884cd1988656,-,,Amari Rodgers,WR,HOU,2024-05-20
58adc516-c3e2-4db9-9778-bb49715c2ecb,13057098-cc2b-4996-b92b-d0eb1fc86068,-,,Blaine Gabbert,QB,KC,2024-05-20
59287244-b976-48e7-b99a-e743f42e6627,875c08ba-6676-453a-98d4-27dc7d74e827,-,,Logan Woodside,QB,ATL,2024-05-20
59312f3b-8334-42f7-9fe9-ba0466cadddb,f6c746de-7a4a-4781-920b-f57b45283eea,-,,Javorius Allen,RB,,2024-05-20
5933653a-cc64-4b86-8108-ea2e42f2e31b,4c510eaf-8f48-4f29-bad3-d2bf04675e9a,-,,Adam Humphries,WR,,2024-05-20
593d8102-9104-4acf-a7a2-e15855c354ba,7211cc82-a3ab-4ce9-bcdb-e2e6a1c6853a,-,,Tyler Gaffney,RB,,2024-05-20
5955be94-52db-41cf-b6f3-ca870976fd39,f890e136-8de0-472a-a698-3b17da4f050f,-,,Julian Fleming,WR,,2024-05-20
5969d73d-62fb-4485-b516-c236dc0cea0b,9b720b37-4178-4389-ab2f-5f82a2b11d4c,-,,Taysir Mack,WR,,2024-05-20
598ddbcb-6a32-4ea1-bc04-5bf0ba7d0e27,16955874-9bf6-4685-b915-b48582fdd4bc,-,,Emeka Emezie,WR,,2024-05-20
59c0451d-f2fb-4057-8ada-6fd916e6f4a5,44608555-7be1-421d-8892-edd66c0abcb6,-,,Jalen Richard,RB,,2024-05-20
59e70dbc-c64a-4978-bfb3-4229d4b14290,dc50f711-8c45-4ca1-a9cf-096186bf6a1d,-,,Artavis Scott,WR,,2024-05-20
59e8478e-2993-4592-8904-4def0c01c398,cf90b7b8-1c52-4aa5-b766-44c2f61db7aa,-,,Nick Vannett,TE,NYG,2024-05-20
5a3d42f2-9c36-44ab-9852-14a2032bd723,1da04e93-e54e-42fe-8d27-25ad7d271c9a,-,,Tyler Eifert,TE,,2024-05-20
5a44df94-9c13-4081-a52e-28a8be16fe8a,f7f7f0bd-b575-4d7c-9933-3c227dfc187c,-,,Brayden Lenius,TE,,2024-05-20
5abd7c93-d8c2-48de-b9a8-512152c4e5cd,3a3bea74-ad3b-4f65-9b60-0c7754b3b009,-,,Nick Keizer,TE,,2024-05-20
5afb9b81-5c58-4a67-8e9c-f7aa2bc79225,4a77bc7b-746e-4761-bdd8-6c7af03e4264,-,,Geremy Davis,WR,,2024-05-20
5affc2a0-5775-477a-9902-f636bce78500,a20bc6ad-a8e5-4b91-a40b-224bf7f840da,-,,Rodney Anderson,RB,,2024-05-20
5b0fb080-39b0-4a43-a2c6-0b1f375853ca,c0ee4e8d-07da-4210-9df0-4cd2157c183e,-,,Otis Anderson,RB,,2024-05-20
5b7e2d9e-9511-43f3-9b21-b517988eeb8f,b5c4aae5-f150-426d-b811-5e8cd05eb551,-,,Jon'Vea Johnson,WR,,2024-05-20
5b9a4f08-d853-4bb1-815f-347dfb5cb9af,b7f19358-0d6f-48fb-a714-66b773e0ebfb,-,,Devon Williams,WR,,2024-05-20
5ba32545-0b25-42a0-837c-c58de1053da7,243a35b2-3f50-46cd-a281-9195ab7265b6,-,,TJ Tampa,WR,,2024-05-20
5bef65e7-7a4b-43ba-a4b2-df19ebe1bcbe,af646a26-fe0b-44bb-9034-cbcb024fc9bc,-,,Ra'Shaun Henry,WR,ATL,2024-05-20
5bf6e62d-2b1a-4bc8-be6a-ec91f7bba440,c9b11d0a-2e27-48e9-8dd8-c02c64a3026e,-,,Nate Wieting,TE,,2024-05-20
5bf9e86c-cdfc-43c1-9b74-ceda082b4aa3,99e22f99-909f-4299-bfda-f69ca75ee042,-,,Malcolm Perry,WR,,2024-05-20
5c4a1eb2-c350-4402-b901-856b2ae0c4f8,f90f4188-4efa-40ac-987f-e01022d2b718,-,,Devin Smith,WR,,2024-05-20
5c50aa5f-2417-4108-ab4f-27af949a34e2,b3356e24-e1e2-4648-bc33-5ba1074bd638,-,,Nick Boyle,TE,,2024-05-20
5c50f7a5-0627-46da-99cc-67506727227f,4d829361-ef54-49d2-8592-a90efaad0522,-,,Corey Sutton,WR,,2024-05-20
5c948699-df1c-4e48-9c3a-e5d637c53b70,d6526d21-cca1-4a63-84fe-aeaeeefc7bbf,-,,Tyrie Cleveland,WR,PHI,2024-05-20
5cce4ad5-b83d-469e-82c4-13d52a83983b,5b9e0c22-7cc4-4103-afde-c95c881f8f31,-,,Andre Patton,WR,,2024-05-20
5ceb4b18-9529-47be-9301-698407877c1e,7f1cf8a9-3ce8-4909-97f1-ca6a599cef35,-,,Malcolm Brown,RB,,2024-05-20
5d2a1ad1-5021-4e1e-b984-a786b4dcc5da,00041ac7-c149-4ac4-9801-fa8a323a0d56,-,,KeeSean Johnson,WR,BUF,2024-05-20
5d5c9df8-e630-42cc-8fd4-1f324271ade2,00f76dc2-5727-4597-817e-ce253c10dc07,-,,Ben Sims,TE,,2024-05-20
5da16437-ef48-426d-9922-639e2b1ee393,cf36add4-e8c2-4e63-a381-3c260485a2a6,-,,Joshua Kelley,RB,LAC,2024-05-20
5da18636-fea7-47d0-8789-58a2c05a9823,8338c416-2fd9-40a4-a9d0-5219379eda93,-,,Tyreik McAllister,RB,DEN,2024-05-20
5e7d62f7-3f37-4d7f-993f-fa8bc60a1c18,a5c86756-3ced-49fe-9080-d684b3e9ea29,-,,Marcell Brooks,WR,,2024-05-20
5f426118-df13-4af4-8655-174260c08a0b,cac7c053-5d44-4785-9b51-8141323134d3,-,,Ventell Bryant,WR,,2024-05-20
5fd841ce-9471-403c-acac-7cc8f9559555,fc34d072-b799-4255-bc77-c0ad61ba773d,-,,Konata Mumpfield,WR,,2024-05-20
5fea8d97-5d03-4bab-8cca-75be66e7a7bc,6f137dde-093f-499e-b5d2-e0c4610b9ec7,-,,Darwin Thompson,RB,,2024-05-20
602e37b7-f13d-4585-b6a2-508bbba1961d,c8358257-06b8-4b36-8009-14834f732b7f,-,,Eric Dungey,QB,,2024-05-20
607c906f-3942-4924-bfb4-f13fd3c52b3e,49aaaf40-72ca-4c17-b026-677e82f347a8,-,,Jalen Hurd,WR,,2024-05-20
60c64625-f02c-4c9f-98bc-05e1e22bd218,3647507f-2aa5-438f-9eea-2d0c5840fed9,-,,Kellen Mond,QB,CLE,2024-05-20
60e34aa3-792a-4208-b1e5-1a743bd4a95a,0b0a70fc-94ca-4b95-9cb1-d8417db8bcda,-,,Robert Griffin,QB,,2024-05-20
611c9c7f-e616-4cce-b813-ce9cd500a963,f951a6bc-2ddd-47ef-b7a2-58b59d256e3c,-,,Sammis Reyes,TE,,2024-05-20
61447373-4cf2-4616-b247-8f5787129b99,581cc7fb-fb8b-46e1-b466-2a33b4ba0620,-,,Bennie Fowler,WR,,2024-05-20
6171aebf-62a0-491a-acba-35a942dc78fd,699ba10e-e41b-4cf1-a042-2b126ae8236a,-,,Cullen Gillaspia,RB,,2024-05-20
61adffa7-3eda-4493-a210-c392b43eb857,d21ffffb-a8ff-4ecf-b2fb-86bc5571e7c4,-,,Teddy Bridgewater,QB,,2024-05-20
61c523d7-1431-41df-b764-b30866cfd8d5,d344fca4-17d0-42f9-9e3c-9586a542c80a,-,,Artavis Pierce,RB,,2024-05-20
62084420-4b8e-45ff-8694-de9d598e6ec8,b64acb30-90a9-460f-8425-b97d80974893,-,,Isaiah Coulter,WR,,2024-05-20
62143b0a-77d4-4f1d-be3c-d0331de53949,05982eb4-c40b-473b-91bd-13803baf3588,-,,Master Teague,RB,PIT,2024-05-20
623a04b3-001a-4621-acaa-453c9f746665,58ff2712-13c2-4025-bcb7-9c7fadac4e8c,-,,Melvin Gordon,RB,,2024-05-20
624aa4aa-8619-4032-8e2c-b9d9be4de136,ee486dbb-1f34-4017-a37c-ae4a1ccd5e3f,-,,Austin Trammell,WR,LAR,2024-05-20
624dd66c-8024-4b84-b41a-8b7d6bae7a92,1dd8ef88-930d-461a-b2fe-33b31cb82ef4,-,,Willie Snead,WR,SF,2024-05-20
631d9380-8908-4078-98fc-dff2eabbe0ed,76270f2d-4939-47d5-882e-981a5d07f2a7,-,,Tyler Badie,RB,DEN,2024-05-20
634dc1f3-a7dd-46c4-9718-6caa6ba32eb9,0535ea1c-6766-4863-893a-110b71bbf3dc,-,,Travis Jonsen,WR,,2024-05-20
634edef9-b701-48e7-8bb3-efb10167b52c,1258123a-677e-4898-a454-6bbbfb260f24,-,,John Brown,WR,,2024-05-20
635f1eda-badb-4f17-a425-d6c95fcd1b92,f79d1f8a-db38-4fe5-a0c2-541b47a542ba,-,,Joseph Ngata,WR,PHI,2024-05-20
63708484-7d76-4e60-8cc0-6e4e066210fb,8d66c5eb-1eb6-4ef8-9f74-f84716fa60fc,-,,Jaelon Darden,WR,CLE,2024-05-20
6371a24f-8a4d-4a23-ac27-886f1658f18a,b900c223-51c4-4078-b9d9-38073ef1d225,-,,K.J. Costello,QB,,2024-05-20
638bd576-f30c-41ba-9b34-12ccb2a068df,32808a0c-1a45-4bb4-bcb9-e831406e20f2,-,,J.J. Arcega-Whiteside,WR,,2024-05-20
64d2b970-a007-4de2-9edd-430f61e91798,1893a201-e4e0-4d03-8ad7-7b23dfcea52d,-,,Alex Smith,QB,,2024-05-20
6524438c-f52b-4e3d-ace1-e0083767736f,2e7a8da5-406a-48b0-a4c2-b815434da87c,-,,Derrick Deese,TE,DET,2024-05-20
65570d87-a055-457e-a781-afcb7f40fa1d,ab979d6c-d2a7-4a9f-87a3-9fd3828d4d75,-,,Kenjon Barner,RB,,2024-05-20
65753f05-5c51-4cad-8aa3-aeca13a0d820,66429a80-2fd6-4242-8789-09f136e3ba5d,-,,D'Vonte Price,RB,,2024-05-20
65a307d8-4bb0-441d-a5b2-9a4d52985427,06cfc2e1-7494-4093-9c79-488681e373b9,-,,Cody Latimer,WR,,2024-05-20
65c64a14-28e6-4f49-9e6e-e7ac278bf1e7,40751ab8-588a-436d-a429-8aba31184647,-,,Chris Finke,WR,,2024-05-20
65df8235-0500-4a0d-978e-55cf552e344c,b7653257-f52c-49af-865d-f5bd16f4783d,-,,Tyree Jackson,TE,PHI,2024-05-20
